;Exported by: Loskutov_K
;Date:        Mon Apr 26 13:48:06 2010
;File:        D:\_Vietnam\Art\Models\Houses\X\House_big_1_x\hb1_completex.max
{Skeleton
	{bone "roofhold6_hb1_x"
		{Orientation
			1	0	0
			0	-1	0
			0	0	1
		}
		{bone "piece04"
			{Matrix34
				-0.00107725	0.702838	-0.711349
				0.00714956	-0.711326	-0.702826
				-0.999974	-0.00584296	-0.00425871
				14.4048	18.53	25.0762
			}
			{VolumeView "piece04.ply"}
		}
		{bone "piece03"
			{Matrix34
				-1	0	0
				0	-0.707107	-0.707107
				0	-0.707107	0.707107
				12.1758	3.94695	37.4623
			}
			{VolumeView "piece03.ply"}
		}
		{bone "piece05"
			{Position 0.256012	0.400063	20.0352}
			{VolumeView "piece05.ply"}
		}
		{bone "piece01"
			{Matrix34
				1	0	0
				0	-0.644695	0.76444
				0	-0.76444	-0.644695
				25.0132	-21.4816	22.6236
			}
			{VolumeView "piece01.ply"}
		}
		{bone "piece02"
			{Matrix34
				1	0	0
				0	-0.644695	0.76444
				0	-0.76444	-0.644695
				-3.08086	-25.9603	20.5021
			}
			{VolumeView "piece02.ply"}
		}
	}
}
{Volume "piece01"
	{Box 22.1561 23.809 1.88156}
	{Bone "piece01"}
	{Matrix34
		-1	0	0
		0	0.00135961	-0.999999
		0	-0.999999	-0.00135961
		0.135838	0.233545	-0.263265
	}
}
{Volume "piece02"
	{Box 22.1561 23.809 1.88156}
	{Bone "piece02"}
	{Matrix34
		-1	0	0
		0	0.00931746	-0.999957
		0	-0.999957	-0.00931746
		1.59867	0.234172	-0.136802
	}
}
{Volume "piece03"
	{Polyhedron "piece03.vol"}
	{Bone "piece03"}
	{Matrix34
		0	-0.707107	-0.707107
		0	-0.707107	0.707107
		-1	0	0
		23.4245	6.53348	0.735359
	}
}
{Volume "piece04"
	{Box 22.7884 44.3796 2.29509}
	{Bone "piece04"}
	{Matrix34
		1	0	0
		0	0.00846567	-0.999964
		0	0.999964	0.00846568
		-0.00764458	0.22627	1.14585
	}
}
{Volume "piece05"
	{Box 2.60522 2.69509 28.6651}
	{Bone "piece05"}
	{Matrix34
		1	0	0
		0	1	0
		0	0	1.21713
		0.0221176	-0.43203	-2.07778
	}
}
