;Exported by: Loskutov_K
;Date:        Wed Mar 31 13:39:30 2010
;File:        D:\_Vietnam\Art\Models\Houses\X\House_middle_1_x\House_middle_1_x.max
{Skeleton
	{bone "interset6_hm1_x"
		{Orientation
			1	0	0
			0	-1	0
			0	0	1
		}
		{bone "piece04"
			{Matrix34
				0.998475	0.0552127	0
				-0.0552127	0.998475	0
				0	0	1
				-4.38605	-0.0073719	-0.127277
			}
			{VolumeView "piece04.ply"}
		}
		{bone "piece03"
			{Matrix34
				0.998475	0.0552127	0
				-0.0552127	0.998475	0
				0	0	1
				1.18707	-1.75537	-0.133755
			}
			{VolumeView "piece03.ply"}
		}
		{bone "piece01"
			{Matrix34
				0.998475	0.0552127	0
				-0.0552127	0.998475	0
				0	0	1
				-1.76662	9.84925	-0.127277
			}
			{VolumeView "piece01.ply"}
		}
		{bone "piece02"
			{Matrix34
				0.998475	0.0552127	0
				-0.0552127	0.998475	0
				0	0	1
				-8.83682	11.1614	-0.387943
			}
			{VolumeView "piece02.ply"}
		}
	}
}
{Volume "piece01"
	{Polyhedron "piece01.vol"}
	{Bone "piece01"}
	{Position 2.48035	0.00354097	4.50066}
}
{Volume "piece02"
	{Box 1.27922 1.33429 10.039}
	{Bone "piece02"}
	{Matrix34
		1	0	0
		0	0.99335	0.11513
		0	-0.11513	0.993351
		-0.0107096	0.00298226	0.136768
	}
}
{Volume "piece03"
	{Polyhedron "piece03.vol"}
	{Bone "piece03"}
	{Position 2.97891	-0.00024343	4.45914}
}
{Volume "piece04"
	{Polyhedron "piece04.vol"}
	{Bone "piece04"}
	{Position -2.78079	0.0211177	4.70938}
}
