;Exported by: Mauzer
;Date:        Fri Jun 18 15:49:23 2010
;File:        E:\Autodesk\Low poly\freelance\DMS\Churchill Mk VII + Crocodile variant + AVRE variant\Churchill Mk VII_x.max
{Skeleton
	{bone "basis"
		{Orientation
			1	0	0
			0	-1	0
			0	0	1
		}
		{bone "body"
			{parameters "ID=body;"}
			{animation
				{sequence "break" {file "body_b.anm"} {speed 0.7}}
			}
			{Matrix34
				1	0	0
				0	-1	0
				0	0	1
				-0.405998	-0.254998	17.5445
			}
			{VolumeView "body.ply"}
			{bone "cover7"
				{Position 40.054	11.581	9.85892}
				{VolumeView "cover7.ply"}
			}
			{bone "cover5"
				{Position 27.4041	-26.8916	3.30687}
				{VolumeView "cover5.ply"}
			}
			{bone "cover6"
				{Position 27.3665	26.9054	3.30687}
				{VolumeView "cover6.ply"}
			}

			{bone revolute "wheell1"
				{parameters "ID=trackleft;Radius=0.4;"}
				{Matrix34
					1	0	0
					0	0	-1
					0	-1	0
					59.0148	-21.0317	4.09098
				}
				{VolumeView "wheell1.ply"}
			}
			{bone revolute "wheell13"
				{parameters "ID=trackleft;Radius=0.42;"}
				{Matrix34
					1	0	0
					0	0	-1
					0	-1	0
					-59.4342	-21.0233	4.03081
				}
				{VolumeView "wheell13.ply"}
			}
			{bone revolute "wheelr1"
				{parameters "ID=trackRight;Radius=0.4;"}
				{Matrix34
					1	0	0
					0	0	-1
					0	1	0
					59.0148	21.0316	4.091
				}
				{VolumeView "wheelr1.ply"}
			}
			{bone revolute "wheelr13"
				{parameters "ID=trackRight;Radius=0.42;"}
				{Matrix34
					1	0	0
					0	0	-1
					0	1	0
					-59.4342	21.0233	4.03082
				}
				{VolumeView "wheelr13.ply"}
			}
			{bone revolute "wheell2"
				{parameters "ID=trackleft;Radius=0.16;"}
				{Matrix34
					0.798635	0	0.601815
					0.601815	0	-0.798635
					0	-1	0
					51.1844	-21.1901	-9.67168
				}
				{VolumeView "wheell2.ply"}
			}
			{bone revolute "wheell12"
				{parameters "ID=trackleft;Radius=0.16;"}
				{Matrix34
					0.95882	0	-0.284014
					-0.284014	0	-0.95882
					0	-1	0
					-51.2406	-21.19	-8.45592
				}
				{VolumeView "wheell2.ply"}
			}
			{bone revolute "wheelr2"
				{parameters "ID=trackRight;Radius=0.16;"}
				{Matrix34
					1	0	0
					0	0	-1
					0	1	0
					51.188	21.1901	-9.66615
				}
				{VolumeView "wheelr2.ply"}
			}
			{bone revolute "wheelr12"
				{parameters "ID=trackRight;Radius=0.16;"}
				{Matrix34
					1	0	0
					0	0	-1
					0	1	0
					-51.2321	21.1901	-8.43484
				}
				{VolumeView "wheelr2.ply"}
			}
			{bone revolute "mgun"
				{limits -15 15}
				{Matrix34
					1	0	0
					0	-1	0
					0	0	1
					39.4013	-7.3735	9.31839
				}
				{VolumeView "mgun.ply"}
			}
			{bone "engine"
				{parameters "CommonMesh;ID=engine;"}
				{animation
					{sequence "break" {file "engine_b.anm"} {speed 0.6}}
				}
				{Position -44.278	-1.22176	14.213}
				{VolumeView "engine.ply"}
			}
			{bone "shieldr2"
				{parameters "ID=shieldR2;"}
				{Position -64.6304	21.0529	8.29955}
				{VolumeView "shieldr2.ply"}
			}
			{bone "shieldr1"
				{parameters "ID=shieldR1;"}
				{Position 64.0763	20.3548	6.74044}
				{VolumeView "shieldr1.ply"}
			}
			{bone "shieldl2"
				{parameters "ID=shieldL2;"}
				{Position -64.6304	-21.0529	8.29954}
				{VolumeView "shieldl2.ply"}
			}
			{bone "shieldl1"
				{parameters "ID=shieldL1;"}
				{Position 64.0763	-20.3548	6.74044}
				{VolumeView "shieldl1.ply"}
			}
		}
		{bone "wheelsr"
			{parameters "wheelsR;"}
			{animation
				{sequence "break" {file "trackR.anm"}}
			}
			{Matrix34
				1	0	0
				0	-1	0
				0	0	1
				-0.0311508	-21.4451	9.94119
			}
			{VolumeView "wheelsr.ply"}
			{bone revolute "wheelr11"
				{parameters "ID=trackRight;Radius=0.16;"}
				{Matrix34
					1	0	0
					0	0	-1
					0	1	0
					-40.1184	1.71661e-005	-5.42791
				}
				{VolumeView "wheelr2.ply"}
			}
			{bone revolute "wheelr10"
				{parameters "ID=trackRight;Radius=0.16;"}
				{Matrix34
					1	0	0
					0	0	-1
					0	1	0
					-30.3633	1.52588e-005	-5.42791
				}
				{VolumeView "wheelr2.ply"}
			}
			{bone revolute "wheelr9"
				{parameters "ID=trackRight;Radius=0.16;"}
				{Matrix34
					1	0	0
					0	0	-1
					0	1	0
					-20.8638	0	-5.42791
				}
				{VolumeView "wheelr2.ply"}
			}
			{bone revolute "wheelr8q"
				{parameters "ID=trackRight;Radius=0.16;"}
				{Matrix34
					1	0	0
					0	0	-1
					0	1	0
					-11.3904	0	-5.42791
				}
				{VolumeView "wheelr2.ply"}
			}
			{bone revolute "wheelr7"
				{parameters "ID=trackRight;Radius=0.16;"}
				{Matrix34
					1	0	0
					0	0	-1
					0	1	0
					-1.96866	1.14441e-005	-5.42791
				}
				{VolumeView "wheelr2.ply"}
			}
			{bone revolute "wheelr6"
				{parameters "ID=trackRight;Radius=0.16;"}
				{Matrix34
					1	0	0
					0	0	-1
					0	1	0
					7.59202	0	-5.42791
				}
				{VolumeView "wheelr2.ply"}
			}
			{bone revolute "wheelr5"
				{parameters "ID=trackRight;Radius=0.16;"}
				{Matrix34
					1	0	0
					0	0	-1
					0	1	0
					16.9666	0	-5.42791
				}
				{VolumeView "wheelr2.ply"}
			}
			{bone revolute "wheelr4"
				{parameters "ID=trackRight;Radius=0.16;"}
				{Matrix34
					1	0	0
					0	0	-1
					0	1	0
					26.4018	0	-5.42791
				}
				{VolumeView "wheelr2.ply"}
			}
			{bone revolute "wheelr3"
				{parameters "ID=trackRight;Radius=0.16;"}
				{Matrix34
					1	0	0
					0	0	-1
					0	1	0
					36.7364	0	-5.42791
				}
				{VolumeView "wheelr2.ply"}
			}
			{bone "trackr"
				{parameters "CommonMesh;ID=trackright;"}
				{Matrix34
					-1	0	0
					0	0	1
					0	-1	0
					2.9954	-0.0708961	8.944
				}
				{VolumeView "trackr.ply"}
			}
		}
		{bone "wheelsl"
			{parameters "wheelsL;"}
			{animation
				{sequence "break" {file "trackL.anm"}}
			}
			{Matrix34
				0.999391	0	-0.0348985
				0	-1	0
				0.0348985	0	0.999391
				-0.0311527	20.9351	9.9412
			}
			{VolumeView "wheelsl.ply"}
			{bone revolute "wheell3"
				{parameters "ID=trackleft;Radius=0.16;"}
				{Matrix34
					0.999391	0	0.0348985
					0.0348985	0	-0.999391
					0	-1	0
					36.903	0	-4.14776
				}
				{VolumeView "wheell2.ply"}
			}
			{bone revolute "wheell4"
				{parameters "ID=trackleft;Radius=0.16;"}
				{Matrix34
					0.999391	0	0.0348985
					0.0348985	0	-0.999391
					0	-1	0
					26.5808	0	-4.50821
				}
				{VolumeView "wheell2.ply"}
			}
			{bone revolute "wheell5"
				{parameters "ID=trackleft;Radius=0.16;"}
				{Matrix34
					0.999391	0	0.0348985
					0.0348985	0	-0.999391
					0	-1	0
					17.1653	0	-4.837
				}
				{VolumeView "wheell2.ply"}
			}
			{bone revolute "wheell6"
				{parameters "ID=trackleft;Radius=0.16;"}
				{Matrix34
					0.999391	0	0.0348985
					0.0348985	0	-0.999391
					0	-1	0
					7.77444	1.33514e-005	-5.16492
				}
				{VolumeView "wheell2.ply"}
			}
			{bone revolute "wheell7"
				{parameters "ID=trackleft;Radius=0.16;"}
				{Matrix34
					0.999391	0	0.0348985
					0.0348985	0	-0.999391
					0	-1	0
					-1.78082	1.71661e-005	-5.49859
				}
				{VolumeView "wheell2.ply"}
			}
			{bone revolute "wheell8"
				{parameters "ID=trackleft;Radius=0.16;"}
				{Matrix34
					0.999391	0	0.0348985
					0.0348985	0	-0.999391
					0	-1	0
					-11.2001	1.71661e-005	-5.82751
				}
				{VolumeView "wheell2.ply"}
			}
			{bone revolute "wheell9"
				{parameters "ID=trackleft;Radius=0.16;"}
				{Matrix34
					0.999391	0	0.0348985
					0.0348985	0	-0.999391
					0	-1	0
					-20.6631	2.28882e-005	-6.15796
				}
				{VolumeView "wheell2.ply"}
			}
			{bone revolute "wheell10"
				{parameters "ID=trackleft;Radius=0.16;"}
				{Matrix34
					0.999391	0	0.0348985
					0.0348985	0	-0.999391
					0	-1	0
					-30.1216	3.05176e-005	-6.48825
				}
				{VolumeView "wheell2.ply"}
			}
			{bone revolute "wheell11"
				{parameters "ID=trackleft;Radius=0.16;"}
				{Matrix34
					0.999391	0	0.0348985
					0.0348985	0	-0.999391
					0	-1	0
					-39.8778	3.43323e-005	-6.82893
				}
				{VolumeView "wheell2.ply"}
			}
			{bone "trackl"
				{parameters "CommonMesh;ID=trackLeft;"}
				{Matrix34
					-0.999391	0	-0.034898
					-0.034898	0	0.999391
					0	-1	0
					2.68102	0.0708561	9.03788
				}
				{VolumeView "trackl.ply"}
			}
		}
	}
}
