;Exported by: loskutov_k
;Date:        Wed May 12 11:12:49 2010
;File:        D:\_Vietnam\Art\Models\Houses\X\House_big_2_x\House_big_2_x.max
{Skeleton
	{bone "interset1_hb2_x"
		{Orientation
			1	0	0
			0	-1	0
			0	0	1
		}
		{bone "piece03"
			{Matrix34
				0	1	0
				-1	0	0
				0	0	1
				-32.2268	-7.41267	2.70083
			}
			{VolumeView "piece03.ply"}
		}
		{bone "piece04"
			{Matrix34
				0	0.392986	-0.919544
				0	-0.919544	-0.392986
				-1	0	0
				-86.4692	-22.5858	-7.54486
			}
			{VolumeView "piece04.ply"}
		}
		{bone "piece01"
			{Matrix34
				0	0	-1
				-1	0	0
				0	1	0
				32.5665	4.97594	2.70083
			}
			{VolumeView "piece01.ply"}
		}
		{bone "piece02"
			{Matrix34
				0.392986	0	-0.919544
				-0.919544	0	-0.392986
				0	1	0
				36.5759	80.8629	-7.54486
			}
			{VolumeView "piece02.ply"}
		}
		{bone "piece05"
			{Matrix34
				0.0487381	0.998812	0
				-0.998812	0.0487381	0
				0	0	1
				-24.0107	-16.6228	-11.0486
			}
			{VolumeView "piece05.ply"}
		}
		{bone "piece06"
			{Matrix34
				0.0487381	0.998812	0
				-0.998812	0.0487381	0
				0	0	1
				-25.2042	-9.22632	-11.0486
			}
			{VolumeView "piece06.ply"}
		}
	}
}
{Volume "piece01"
	{Box 34.8344 17.1269 2.04652}
	{Bone "piece01"}
	{Matrix34
		1	0	0
		0	0	1
		0	-1	0
		1.59124	0.660755	-0.341133
	}
}
{Volume "piece02"
	{Box 13.265 17.1269 1.30896}
	{Bone "piece02"}
	{Matrix34
		0	0	-1
		0.919544	0.392986	0
		0.392986	-0.919544	0
		-8.86916	0.668732	-62.5255
	}
}
{Volume "piece03"
	{Box 34.8344 17.1269 2.04652}
	{Bone "piece03"}
	{Matrix34
		1	0	0
		0	0	1
		0	-1	0
		1.59124	0.660755	-0.341129
	}
}
{Volume "piece04"
	{Box 13.265 17.1269 1.30896}
	{Bone "piece04"}
	{Matrix34
		0	0	-1
		0.919544	0.392986	0
		0.392986	-0.919544	0
		-8.86917	0.668732	-62.5255
	}
}
{Volume "piece05"
	{Polyhedron "piece05.vol"}
	{Bone "piece05"}
	{Position -4.15907	0.157185	3.48914}
}
{Volume "piece06"
	{Polyhedron "piece06.vol"}
	{Bone "piece06"}
	{Position 3.63665	0.00776672	3.40701}
}
