;Exported by: Loskutov_K
;Date:        Fri Mar 26 15:10:17 2010
;File:        D:\_Vietnam\Art\Models\Houses\X\House_small_2\x_hs2.max
{Skeleton
	{bone "wall3_hs2_x"
		{Orientation
			1	0	0
			0	-1	0
			0	0	1
		}
		{bone "piece03"
			{Matrix34
				-0.50709	0	0.861893
				0	-1	0
				0.861893	0	0.50709
				-23.7751	-1.39238	-13.8454
			}
			{VolumeView "piece03.ply"}
		}
		{bone "piece01"
			{Matrix34
				-0.50709	0	0.861893
				0	-1	0
				0.861893	0	0.50709
				-23.7751	-1.39238	-13.8454
			}
			{VolumeView "piece01.ply"}
		}
		{bone "piece04"
			{Position 27.6602	-2.87546	14.1916}
			{VolumeView "piece04.ply"}
		}
		{bone "piece02"
			{Position 28.2283	-2.8754	-14.9635}
			{VolumeView "piece02.ply"}
		}
	}
}
{Volume "piece01"
	{Box 41.5626 18.439 3.3888}
	{Bone "piece01"}
	{Matrix34
		0.00945395	0	0.999955
		0.999955	0	-0.00945395
		0	1	0
		0.987881	0.494877	0.676642
	}
}
{Volume "piece02"
	{Box 19.5354 18.3394 2.88845}
	{Bone "piece02"}
	{Matrix34
		1	0	0
		0	0	1
		0	-1	0
		1.12691	0.0569808	0.574794
	}
}
{Volume "piece03"
	{Box 34.2867 19.8344 2.94706}
	{Bone "piece03"}
	{Matrix34
		-0.50709	0	0.861893
		0.861893	0	0.50709
		0	1	0
		25.1813	1.31607	17.9445
	}
}
{Volume "piece04"
	{Box 41.5626 18.439 3.3888}
	{Bone "piece04"}
	{Matrix34
		0.857061	0	0.515215
		-0.515215	0	0.857061
		0	-1	0
		-5.44249	0.988205	-3.02051
	}
}
