;Exported by: Loskutov_K
;Date:        Wed Mar 31 13:39:22 2010
;File:        D:\_Vietnam\Art\Models\Houses\X\House_middle_1_x\House_middle_1_x.max
{Skeleton
	{bone "roofhold7_hm1_x"
		{Orientation
			1	0	0
			0	-1	0
			0	0	1
		}
		{bone "piece01"
			{Matrix34
				0	1	0
				0.800814	0	-0.598913
				-0.598913	0	-0.800814
				-8.27789	31.7863	10.5151
			}
			{VolumeView "piece01.ply"}
		}
		{bone "piece02"
			{Matrix34
				0	1	0
				0.800814	0	-0.598913
				-0.598913	0	-0.800814
				-20.0117	8.07318	-5.80461
			}
			{VolumeView "piece02.ply"}
		}
		{bone "piece04"
			{Matrix34
				-1	0	0
				0	0.707107	-0.707107
				0	-0.707107	-0.707107
				7.55952	7.19375	7.99333
			}
			{VolumeView "piece04.ply"}
		}
		{bone "piece03"
			{Matrix34
				-1	0	0
				0	0.707107	-0.707107
				0	-0.707107	-0.707107
				4.72747	-9.18271	-8.71938
			}
			{VolumeView "piece03.ply"}
		}
	}
}
{Volume "piece01"
	{Box 22.1561 23.809 1.88156}
	{Bone "piece01"}
	{Matrix34
		-1	0	0
		0	0.00135959	-0.999999
		0	-0.999999	-0.00135959
		0.135838	0.233553	-0.263263
	}
}
{Volume "piece02"
	{Box 22.1561 23.809 1.88156}
	{Bone "piece02"}
	{Matrix34
		-1	0	0
		0	0.0093174	-0.999957
		0	-0.999957	-0.0093174
		1.59867	0.234186	-0.136805
	}
}
{Volume "piece03"
	{Box 42.3206 21.258 1.88156}
	{Bone "piece03"}
	{Matrix34
		-1	0	0
		0	-0.0110279	-0.999939
		0	-0.999939	0.0110279
		-0.393304	0.160306	-2.30869
	}
}
{Volume "piece04"
	{Box 24.8945 21.258 1.88156}
	{Bone "piece04"}
	{Matrix34
		-1	0	0
		0	-0.0110279	-0.999939
		0	-0.999939	0.0110279
		-0.904617	-0.056853	-2.48926
	}
}
