;Exported by: loskutov_k
;Date:        Wed May 12 11:12:46 2010
;File:        D:\_Vietnam\Art\Models\Houses\X\House_big_2_x\House_big_2_x.max
{Skeleton
	{bone "roofhold4_hb2_x"
		{Orientation
			1	0	0
			0	-1	0
			0	0	1
		}
		{bone "piece03"
			{Matrix34
				1	0	0
				0	-0.631942	-0.775016
				0	0.775016	-0.631942
				-16.7743	-11.7901	13.7118
			}
			{VolumeView "piece03.ply"}
		}
		{bone "piece02"
			{Matrix34
				1	0	0
				0	-0.631942	-0.775016
				0	0.775016	-0.631942
				15.1672	-13.9922	15.5074
			}
			{VolumeView "piece02.ply"}
		}
		{bone "piece01"
			{Matrix34
				1	0	0
				0	-0.631942	-0.775016
				0	0.775016	-0.631942
				-0.125519	0.691833	3.8165
			}
			{VolumeView "piece01.ply"}
		}
	}
}
{Volume "piece01"
	{Box 23.1951 21.4821 2.29152}
	{Bone "piece01"}
	{Matrix34
		1	0	0
		0	0	-1
		0	1	0
		0.882643	0.158959	-0.262154
	}
}
{Volume "piece02"
	{Box 19.0123 19.8908 2.29152}
	{Bone "piece02"}
	{Matrix34
		1	0	0
		0	0	-1
		0	1	0
		-0.992867	0.247139	2.37735
	}
}
{Volume "piece03"
	{Box 19.0123 19.8908 2.29152}
	{Bone "piece03"}
	{Matrix34
		1	0	0
		0	0	-1
		0	1	0
		0.923006	0.247139	-0.464039
	}
}
