;Exported by: Normand
;Date:        Sat Jan 26 10:41:40 2013
;File:        C:\Users\Normand\SdKfz251_1_x.max
{Skeleton
	{bone "basis"
		{Orientation
			1	0	0
			0	-1	0
			0	0	1
		}
		{bone "link2"
			{Matrix34
				-1	0	0
				0	0	1
				0	-1	0
				-55.59	-0.30172	12.0774
			}
		}
		{bone "emit1"
			{Matrix34
				0.999966	-0.00820473	0
				0.00820473	0.999966	0
				0	0	1
				-73.0888	-0.33932	0.0419865
			}
		}
		{bone "body"
			{parameters "ID=body;"}
			{animation
				{sequence "break" {file "body_b.anm"} {speed 0.5}}
			}
			{Position 0.410745	-0.131818	20.0197}
			{VolumeView "body.ply"}
			{bone "detail1"
				{parameters "ID=body;"}
				{Matrix34
					0	1	0
					-1	0	0
					0	0	1
					-4.96709	-17.1354	13.9491
				}
				{VolumeView "detail1.ply"}
				{bone "antena"
					{parameters "ID=body;"}
					{Position 0.0321064	0.0292988	0.649426}
					{VolumeView "antena.ply"}
				}
			}
			{bone "label1"
				{parameters "ID=body;"}
				{Matrix34
					0	1	0
					-1	0	0
					0	0	1
					53.9801	5.23998	2.34659
				}
				{VolumeView "label1.ply"}
			}
			{bone "detail2"
				{parameters "ID=body;"}
				{Matrix34
					0	1	0
					-1	0	0
					0	0	1
					51.5151	10.7029	3.68793
				}
				{VolumeView "detail2.ply"}
			}
			{bone "enumerator"
				{parameters "ID=body;"}
				{Matrix34
					0	1	0
					-1	0	0
					0	0	1
					-26.8808	13.865	13.249
				}
				{VolumeView "enumerator.ply"}
			}
			{bone "door_left"
				{parameters "ID=body;"}
				{Matrix34
					0	0	1
					-1	0	0
					0	-1	0
					-55.7755	12.5296	4.24693
				}
				{VolumeView "door_left.ply"}
			}
			{bone "door_right"
				{parameters "ID=body;"}
				{Matrix34
					0	0	-1
					-1	0	0
					0	1	0
					-55.7769	-12.533	4.24693
				}
				{VolumeView "door_right.ply"}
			}
			{bone "commander"
				{Matrix34
					0.913747	0	0.406284
					0	1	0
					-0.406284	0	0.913747
					14.6844	-7.56495	-10.6065
				}
			}
			{bone "driver"
				{Matrix34
					0.909205	0	0.416348
					0.00342541	0.999966	-0.00748026
					-0.416334	0.00822726	0.909174
					14.8066	7.71674	-10.5941
				}
			}
			{bone "headlightr"
				{Matrix34
					0.99999	0.00453793	0
					0	0	1
					0.00453793	-0.99999	0
					56.3777	-12.8304	1.89688
				}
			}
			{bone "headlightl"
				{Matrix34
					0.99999	0.00453793	0
					0	0	1
					0.00453793	-0.99999	0
					56.2417	12.6068	1.90179
				}
			}
			{bone "fxstop1"
				{Matrix34
					0.99999	0.00453793	0
					0	0	1
					0.00453793	-0.99999	0
					-46.8343	19.0615	-0.316355
				}
			}
			{bone "fxsmoke1"
				{Matrix34
					0.99999	0.00453793	0
					0	0	1
					0.00453793	-0.99999	0
					-12.3563	9.70262	-6.02716
				}
			}
			{bone "fxfire1"
				{Matrix34
					0.99999	0.00453793	0
					0	0	1
					0.00453793	-0.99999	0
					32.0084	-0.0852466	4.12357
				}
			}
			{bone "visor2"
				{Position 16.3683	6.73464	12.4791}
			}
			{bone "detail5"
				{parameters "ID=body;"}
				{Position 16.2408	0.388794	0.139256}
				{VolumeView "detail5.ply"}
			}
			{bone "detail6"
				{parameters "ID=body;"}
				{Matrix34
					0.999506	0.0312508	-0.0032768
					0.0313006	-0.999375	0.0164464
					-0.00276088	-0.0165407	-0.999859
					3.97356	17.4386	-0.840508
				}
				{VolumeView "detail6.ply"}
			}
			{bone "detail4"
				{parameters "ID=body;"}
				{Matrix34
					-0.994319	-0.021425	-0.104264
					-0.0214928	0.999769	-0.000473075
					-0.10425	-0.00177037	0.99455
					3.28402	-18.1778	-0.626865
				}
				{VolumeView "detail4.ply"}
			}
			{bone "engine_body"
				{parameters "ID=engine;"}
				{Matrix34
					0	-1	0
					-0.0347086	0	0.999397
					-0.999398	0	-0.0347081
					38.9198	0.0470387	-4.98876
				}
				{VolumeView "engine_body.ply"}
			}
			{bone revolute "turret35"
				{parameters "ID=turret;"}
				{limits -30 30}
				{Position 2.79745	0.172745	18.0882}
				{VolumeView "turret35.ply"}
				{bone revolute "gun_rot35"
					{parameters "ID=gun;"}
					{limits -10 15}
					{Matrix34
						0.999877	0	0.0157001
						-0.0156998	-0.00550892	0.999862
						8.64904e-005	-0.999985	-0.00550824
						2.08142	-0.142208	2.04361
					}
					{VolumeView "gun_rot35.ply"}
					{bone "gun35"
						{parameters "ID=gun;"}
						{animation
							{sequence "break" {file "gun35_b.anm"}}
						}
						{Matrix34
							0.0106931	0.999928	-0.00550839
							0.00648148	0.00543928	0.999964
							0.999922	-0.0107285	-0.00642284
							0.015759	-0.545868	0.00300719
						}
						{VolumeView "gun35.ply"}
						{bone "foresight1"
							{Matrix34
								0.00596247	0.00648933	0.999961
								0.999982	-3.35893e-005	-0.00596237
								0	0.999979	-0.00648941
								0.194141	-0.0248453	25.8391
							}
						}
						{bone "visor1"
							{Matrix34
								0.00596247	0.00648933	0.999961
								0.999982	-3.35883e-005	-0.00596237
								0	0.999979	-0.00648942
								1.38153	-0.122887	10.7328
							}
						}
					}
				}
			}
			{bone "gunner"
				{Matrix34
					1	0	0
					0	1	1.56161e-005
					0	-1.56161e-005	1
					-12	-0.503714	-5.1774
				}
			}
			{bone "label"
				{parameters "ID=body;"}
				{Matrix34
					-0.000475168	1	0
					-1	-0.000475168	0
					0	0	1
					-10.3491	13.6409	16.3234
				}
				{VolumeView "label.ply"}
			}
			{bone "seats02"
				{parameters "ID=body;"}
				{Position 0	0	0}
				{VolumeView "seats02.ply"}
			}
			{bone "seats04"
				{parameters "ID=body;"}
				{Position 0	0	0}
				{VolumeView "seats04_1.ply"}
			}
			{bone "seats01"
				{parameters "ID=body;"}
				{Position 0	0	0}
				{VolumeView "seats01.ply"}
			}
			{bone "seats03"
				{parameters "ID=body;"}
				{Position 0	0	0}
				{VolumeView "seats03_1.ply"}
			}
			{bone revolute "mgun1_turret"
				{parameters "ID=body;"}
				{limits -30 30}
				{Position -50.2485	0.0885535	15.4376}
				{VolumeView "mgun1_turret.ply"}
				{bone revolute "mgun1_rot"
					{parameters "ID=body;"}
					{limits -10 15}
					{Matrix34
						1	0	0
						0	-0.00327019	0.999995
						0	-0.999995	-0.00327019
						9.59993	7.44686e-005	3.72867
					}
					{VolumeView "mgun1_rot.ply"}
					{bone "mgun1"
						{Matrix34
							-0.999992	0	0.00412233
							1.16121e-005	0.999995	0.00327488
							-0.00412232	0.0032749	-0.999986
							-1.94223	0.284782	0.00932135
						}
					}
					{bone "foresight3"
						{Matrix34
							1	0	0
							0	0.999995	-0.00327491
							0	0.00327491	0.999995
							-4	2.10789	0.274943
						}
					}
				}
				{bone "gunner1"
					{Matrix34
						-0.999998	0.00213012	0
						-0.00213012	-0.999998	0
						0	0	1
						12.2389	-0.295447	-21.9813
					}
				}
			}
			{bone "seat01"
				{Matrix34
					0.00147145	-0.873273	0.487229
					0.999999	0.00168498	0
					-0.000820972	0.487229	0.873274
					-10.8211	0.806274	-8.42431
				}
			}
			{bone "seat02"
				{Matrix34
					-0.00146095	0.866965	0.498366
					-0.999999	-0.00168513	0
					0.000839812	-0.498366	0.866967
					-8.69364	-0.664164	-8.41843
				}
			}
			{bone "seat03"
				{Matrix34
					0.00147145	-0.873273	0.487229
					0.999999	0.00168498	0
					-0.000820972	0.487229	0.873274
					-22.4379	0.787616	-8.44293
				}
			}
			{bone "seat04"
				{Matrix34
					-0.00146095	0.866965	0.498366
					-0.999999	-0.00168513	0
					0.000839812	-0.498366	0.866967
					-20.3968	-0.664193	-8.41844
				}
			}
			{bone "seat05"
				{Matrix34
					0.00147145	-0.873273	0.487229
					0.999999	0.00168498	0
					-0.000820972	0.487229	0.873274
					-32.9961	0.78759	-8.44291
				}
			}
			{bone "seat06"
				{Matrix34
					-0.00146095	0.866965	0.498366
					-0.999999	-0.00168513	0
					0.000839812	-0.498366	0.866967
					-30.958	-0.664221	-8.41846
				}
			}
			{bone "seat07"
				{Matrix34
					0.00147145	-0.873273	0.487229
					0.999999	0.00168498	0
					-0.000820972	0.487229	0.873274
					-44.5739	0.801288	-8.39299
				}
			}
			{bone "seat08"
				{Matrix34
					-0.00146095	0.866965	0.498366
					-0.999999	-0.00168513	0
					0.000839812	-0.498366	0.866967
					-42.4713	-0.66425	-8.41847
				}
			}
			{bone "engine"
				{parameters "ID=engine;"}
				{animation
					{sequence "break" {file "engine_b.anm"}}
				}
				{Position 0	0	0}
				{VolumeView "engine.ply"}
				{bone "engine_cover1"
					{parameters "ID=engine;"}
					{Matrix34
						0.136792	-0.0269947	0.990232
						0.214454	0.97673	-0.0029984
						-0.967108	0.212769	0.139398
						32.5412	9.649	8.17636
					}
					{VolumeView "engine_cover1.ply"}
				}
				{bone "engine_cover2"
					{parameters "ID=body;"}
					{Matrix34
						0.136792	0.0269965	0.990232
						0.214461	-0.976728	-0.00299754
						-0.967106	-0.212776	0.139398
						32.5412	-9.75493	8.17637
					}
					{VolumeView "engine_cover2.ply"}
				}
			}
			{bone revolute "wheell2"
				{parameters "Radius=0.35;ID=trackleft;"}
				{Matrix34
					-1	0	0
					0	0.000782653	1
					0	-1	0.000782653
					21.6016	16.9737	-9.68913
				}
				{VolumeView "wheell2.ply"}
			}
			{bone revolute "wheell3"
				{parameters "Radius=0.5;ID=trackleft;"}
				{Matrix34
					-1	0	0
					0	0.000782653	1
					0	-1	0.000782653
					-37.5549	17.1059	-10.6891
				}
				{VolumeView "wheell3.ply"}
			}
			{bone revolute "wheelr2"
				{parameters "Radius=0.35;ID=trackright;"}
				{Matrix34
					-1	0	0
					0	0.000782653	1
					0	-1	0.000782653
					21.615	-17.0024	-9.65729
				}
				{VolumeView "wheelr2.ply"}
			}
			{bone revolute "wheelr3"
				{parameters "Radius=0.5;ID=trackright;"}
				{Matrix34
					-1	0	0
					0	0.000782653	1
					0	-1	0.000782653
					-37.5625	-17.6792	-10.7708
				}
				{VolumeView "wheelr3.ply"}
			}
			{bone "detail3"
				{Matrix34
					0	-1	0
					0	0	1
					-1	0	0
					-0.548429	-1.80787	-8.94751
				}
				{VolumeView "detail3.ply"}
			}
		}
		{bone "pivot_front"
			{parameters "ID=body;"}
			{Position 0.410746	-0.131818	20.0197}
			{VolumeView "pivot_front.ply"}
			{bone revolute "steerl"
				{Matrix34
					0.999993	0.00386556	0
					0.00386556	-0.999993	0
					0	0	1
					46.0678	15.11	-10.8545
				}
				{VolumeView "steerl.ply"}
				{bone "fxtracel1"
					{Matrix34
						-0.999993	-0.00386753	0
						0	0	1
						-0.00386753	0.999993	0
						0.739361	-2.07203	-8.7802
					}
				}
				{bone revolute "wheell1"
					{parameters "ID=wheelleft;Radius=0.4;"}
					{Matrix34
						-0.999932	-0.0116482	0
						2.28041e-005	-0.0019576	0.999998
						0.0116482	-0.99993	-0.00195773
						0.503605	-2.5912	-0.300961
					}
					{VolumeView "wheell1.ply"}
				}
			}
			{bone revolute "steerr"
				{Matrix34
					1	0	0
					0	-1	0
					0	0	1
					46.0933	-15.173	-11.3571
				}
				{VolumeView "steerr.ply"}
				{bone revolute "wheelr1"
					{parameters "ID=wheelright;Radius=0.4;"}
					{Matrix34
						-0.99997	-0.0077819	0
						1.52362e-005	-0.00195784	0.999998
						0.00778189	-0.999968	-0.0019579
						0.468082	2.5312	0.201689
					}
					{VolumeView "wheelr1.ply"}
				}
				{bone "fxtracer1"
					{Matrix34
						-1	0	0
						0	0	1
						0	1	0
						0.565323	2.31649	-8.3638
					}
				}
			}
		}
		{bone "wheelsR"
			{parameters "ID=trackright;"}
			{animation
				{sequence "break" {file "trackR_b.anm"} {speed 0.6}}
			}
			{Matrix34
				1	0	0
				0	1	0
				0	0	1
				-24.3895	-13.7225	7.63787
			}
			{bone revolute "wheelr7"
				{parameters "Radius=0.4;ID=trackright;"}
				{Matrix34
					-1	0	0
					0	0.000782653	1
					0	-1	0.000782653
					10.5691	-3.67436	0.333828
				}
				{VolumeView "wheelr7.ply"}
			}
			{bone revolute "wheelr9"
				{parameters "Radius=0.4;ID=trackright;"}
				{Matrix34
					-1	0	0
					0	0.000782653	1
					0	-1	0.000782653
					-4.02154	-3.67428	0.358186
				}
				{VolumeView "wheelr9.ply"}
			}
			{bone revolute "wheelr8"
				{parameters "Radius=0.4;ID=trackright;"}
				{Matrix34
					-1	0	0
					0	0.000782653	1
					0	-1	0.000782653
					3.45043	-3.66377	0.318083
				}
				{VolumeView "wheelr8.ply"}
			}
			{bone revolute "wheelr5"
				{parameters "Radius=0.4;ID=trackright;"}
				{Matrix34
					-1	0	0
					0	0.000782653	1
					0	-1	0.000782653
					25.5175	-3.72016	0.326203
				}
				{VolumeView "wheelr5.ply"}
			}
			{bone revolute "wheelr6"
				{parameters "Radius=0.4;ID=trackright;"}
				{Matrix34
					-1	0	0
					0	0.000782653	1
					0	-1	0.000782653
					18.0411	-3.66385	0.293725
				}
				{VolumeView "wheelr6.ply"}
			}
			{bone revolute "wheelr4"
				{parameters "Radius=0.3;ID=trackright;"}
				{Matrix34
					-1	0	0
					0	0.000782653	1
					0	-1	0.000782653
					33.2087	-4.0549	0.167333
				}
				{VolumeView "wheelr4.ply"}
			}
			{bone "trackR"
				{parameters "CommonMesh;ID=trackright;"}
				{Matrix34
					0.999987	0	-0.00512937
					0	1	0
					0.00512937	0	0.999987
					12.8905	12.4717	0.237038
				}
				{VolumeView "trackr.ply"}
			}
		}
		{bone "wheelsL"
			{parameters "ID=trackleft;"}
			{animation
				{sequence "break" {file "trackL_b.anm"} {speed 0.6}}
			}
			{Matrix34
				1	0	0
				0	1	0
				0	0	1
				-24.3895	13.1394	7.63787
			}
			{bone revolute "wheell9"
				{parameters "Radius=0.4;ID=trackleft;"}
				{Matrix34
					-1	0	0
					0	0.000782653	1
					0	-1	0.000782653
					3.44966	4.02067	0.215281
				}
				{VolumeView "wheell9.ply"}
			}
			{bone revolute "wheell8"
				{parameters "Radius=0.4;ID=trackleft;"}
				{Matrix34
					-1	0	0
					0	0.000782653	1
					0	-1	0.000782653
					-4.02118	3.69201	0.295773
				}
				{VolumeView "wheell8.ply"}
			}
			{bone revolute "wheell7"
				{parameters "Radius=0.4;ID=trackleft;"}
				{Matrix34
					-1	0	0
					0	0.000782653	1
					0	-1	0.000782653
					10.5695	3.69193	0.271414
				}
				{VolumeView "wheell7.ply"}
			}
			{bone revolute "wheell5"
				{parameters "Radius=0.4;ID=trackleft;"}
				{Matrix34
					-1	0	0
					0	0.000782653	1
					0	-1	0.000782653
					25.6845	3.64042	0.183863
				}
				{VolumeView "wheell5.ply"}
			}
			{bone revolute "wheell6"
				{parameters "Radius=0.4;ID=trackleft;"}
				{Matrix34
					-1	0	0
					0	0.000782653	1
					0	-1	0.000782653
					18.0403	4.0206	0.190923
				}
				{VolumeView "wheell6.ply"}
			}
			{bone revolute "wheell4"
				{parameters "Radius=0.3;ID=trackleft;"}
				{Matrix34
					-0.999103	0.0423451	-3.32275e-005
					0	0.000782556	1
					0.0423455	0.999103	-0.00078185
					33.1175	3.82926	0.211222
				}
				{VolumeView "wheell4.ply"}
			}
			{bone "trackL"
				{parameters "CommonMesh;ID=trackleft;"}
				{Matrix34
					0.999987	0	-0.00512916
					0	-1	0
					0.00512916	0	0.999987
					12.8904	-12.5714	0.237038
				}
				{VolumeView "trackl.ply"}
			}
		}
	}
}
