;Exported by: Loskutov_K
;Date:        Wed Mar 31 13:39:39 2010
;File:        D:\_Vietnam\Art\Models\Houses\X\House_middle_1_x\House_middle_1_x.max
{Skeleton
	{bone "roofhold9_hm1_x"
		{Orientation
			1	0	0
			0	-1	0
			0	0	1
		}
		{bone "piece01"
			{Matrix34
				-1	0	0
				0	0.707107	-0.707107
				0	-0.707107	-0.707107
				-13.0071	6.43684	7.14545
			}
			{VolumeView "piece01.ply"}
		}
		{bone "piece03"
			{Matrix34
				0	-1	0
				-0.812977	0	-0.582296
				0.582296	0	-0.812977
				19.819	9.60116	-4.49048
			}
			{VolumeView "piece03.ply"}
		}
		{bone "piece04"
			{Matrix34
				0	-1	0
				-0.812977	0	-0.582296
				0.582296	0	-0.812977
				9.39625	31.8033	8.50388
			}
			{VolumeView "piece04.ply"}
		}
		{bone "piece02"
			{Matrix34
				1	0	0
				0	0.707107	-0.707107
				0	0.707107	0.707107
				2.83916	-6.17818	-5.65242
			}
			{VolumeView "piece02.ply"}
		}
	}
}
{Volume "piece01"
	{Box 23.0166 27.9446 2.31305}
	{Bone "piece01"}
	{Matrix34
		-1	0	0
		0	0.00598013	-0.999982
		0	-0.999982	-0.00598013
		0.719061	0.335452	0.16045
	}
}
{Volume "piece02"
	{Box 23.0166 27.9446 2.31305}
	{Bone "piece02"}
	{Matrix34
		1	0	0
		0	0.0059803	0.999982
		0	-0.999982	0.0059803
		0.892546	0.164033	-1.8094
	}
}
{Volume "piece03"
	{Box 23.0166 27.9446 2.31305}
	{Bone "piece03"}
	{Matrix34
		-1	0	0
		0	-0.00204116	-0.999998
		0	-0.999998	0.00204116
		-0.248261	0.482782	-0.0466949
	}
}
{Volume "piece04"
	{Box 23.0166 27.9446 2.31305}
	{Bone "piece04"}
	{Matrix34
		-1	0	0
		0	-0.00204116	-0.999998
		0	-0.999998	0.00204116
		0.716434	0.201995	1.29537
	}
}
