;Exported by: Loskutov_K
;Date:        Wed Apr 21 13:39:45 2010
;File:        D:\_Vietnam\Art\Models\Houses\X\Saray_3_x\saray_3_x.max
{Skeleton
	{bone "roofhold2_s3_x"
		{Orientation
			1	0	0
			0	-1	0
			0	0	1
		}
		{bone "piece01"
			{Matrix34
				0	-1	0
				-0.75994	0	-0.649994
				0.649994	0	-0.75994
				13.4088	9.48434	6.09287
			}
			{VolumeView "piece01.ply"}
		}
		{bone "piece02"
			{Matrix34
				0	-1	0
				-0.75994	0	-0.649994
				0.649994	0	-0.75994
				8.87255	-18.5833	11.3579
			}
			{VolumeView "piece02.ply"}
		}
		{bone "piece06"
			{Matrix34
				1	0	0
				0	0	1
				0	-1	0
				0.0308838	6.69414	17.1886
			}
			{VolumeView "piece06.ply"}
		}
		{bone "piece03"
			{Matrix34
				0	1	0
				0.764746	0	-0.644332
				-0.644332	0	-0.764746
				-12.7636	21.2947	6.25822
			}
			{VolumeView "piece03.ply"}
		}
		{bone "piece04"
			{Matrix34
				0	1	0
				0.751829	0	-0.659358
				-0.659358	0	-0.751829
				-5.61014	-7.08347	14.6513
			}
			{VolumeView "piece04.ply"}
		}
		{bone "piece05"
			{Matrix34
				0	1	0
				0.751829	0	-0.659358
				-0.659358	0	-0.751829
				-19.4354	-7.47296	-1.33045
			}
			{VolumeView "piece05.ply"}
		}
	}
}
{Volume "piece01"
	{Box 23.0166 27.9446 2.31305}
	{Bone "piece01"}
	{Matrix34
		-1	0	0
		0	0.0059801	-0.999982
		0	-0.999982	-0.0059801
		-0.00656492	0.292422	0.780964
	}
}
{Volume "piece02"
	{Box 17.4368 27.9446 2.31305}
	{Bone "piece02"}
	{Matrix34
		-1	0	0
		0	0.0059801	-0.999982
		0	-0.999982	-0.0059801
		-0.57513	0.238788	1.39843
	}
}
{Volume "piece03"
	{Box 22.7884 44.3796 2.29509}
	{Bone "piece03"}
	{Matrix34
		1	0	0
		0	0.00846568	-0.999964
		0	0.999964	0.00846568
		-0.00764847	0.226266	1.14585
	}
}
{Volume "piece04"
	{Box 22.1561 23.809 1.88156}
	{Bone "piece04"}
	{Matrix34
		-1	0	0
		0	0.00135955	-0.999999
		0	-0.999999	-0.00135955
		0.135838	0.233552	-0.263261
	}
}
{Volume "piece05"
	{Box 22.1561 23.809 1.88156}
	{Bone "piece05"}
	{Matrix34
		-1	0	0
		0	0.0093174	-0.999957
		0	-0.999957	-0.0093174
		1.59867	0.234179	-0.136806
	}
}
{Volume "piece06"
	{Box 2.07983 2.1697 27.1426}
	{Bone "piece06"}
	{Matrix34
		1.06772	0	0
		0	1.06772	0
		0	0	1.65196
		0.300761	0.0208054	-1.53482
	}
}
