;Exported by: loskutov_k
;Date:        Wed May 12 11:12:45 2010
;File:        D:\_Vietnam\Art\Models\Houses\X\House_big_2_x\House_big_2_x.max
{Skeleton
	{bone "roofhold5_hb2_x"
		{Orientation
			1	0	0
			0	-1	0
			0	0	1
		}
		{bone "piece01"
			{Matrix34
				-1	0	0
				0	0.6319	-0.77505
				0	-0.77505	-0.6319
				-11.3773	12.2947	13.6329
			}
			{VolumeView "piece01.ply"}
		}
		{bone "piece03"
			{Matrix34
				-1	0	0
				0	0.625896	-0.779907
				0	-0.779907	-0.625896
				14.1787	22.006	21.0154
			}
			{VolumeView "piece03.ply"}
		}
		{bone "piece02"
			{Matrix34
				1	0	0
				0	0.6319	-0.77505
				0	0.77505	0.6319
				12.5843	-1.55098	2.17766
			}
			{VolumeView "piece02.ply"}
		}
	}
}
{Volume "piece01"
	{Box 23.0166 27.9446 2.31305}
	{Bone "piece01"}
	{Matrix34
		-1	0	0
		0	0.00598013	-0.999982
		0	-0.999982	-0.00598013
		0.719063	0.335449	0.16045
	}
}
{Volume "piece02"
	{Box 23.0166 27.9446 2.31305}
	{Bone "piece02"}
	{Matrix34
		1	0	0
		0	0.00598028	0.999982
		0	-0.999982	0.00598028
		0.892548	0.164031	-1.8094
	}
}
{Volume "piece03"
	{Box 23.9956 20.1563 2.22999}
	{Bone "piece03"}
	{Matrix34
		-1	0	0
		0	0.00778159	-0.999969
		0	-0.999969	-0.00778159
		-1.02441	0.502988	-0.808096
	}
}
