;Exported by: Loskutov_K
;Date:        Mon Apr 26 13:48:09 2010
;File:        D:\_Vietnam\Art\Models\Houses\X\House_big_1_x\hb1_completex.max
{Skeleton
	{bone "roofhold9_hb1_x"
		{Orientation
			1	0	0
			0	-1	0
			0	0	1
		}
		{bone "piece02"
			{Matrix34
				1	0	0
				0	-0.674169	-0.738577
				0	0.738577	-0.674169
				33.1502	-0.801216	3.78389
			}
			{VolumeView "piece02.ply"}
		}
		{bone "piece01"
			{Matrix34
				1	0	0
				0	-0.681431	-0.731882
				0	0.731882	-0.681431
				4.70407	5.08182	2.0475
			}
			{VolumeView "piece01.ply"}
		}
		{bone "piece03"
			{Matrix34
				1	0	0
				0	-0.674169	-0.738577
				0	0.738577	-0.674169
				18.2815	15.6872	-9.50594
			}
			{VolumeView "piece03.ply"}
		}
	}
}
{Volume "piece01"
	{Box 23.9956 20.1563 2.22999}
	{Bone "piece01"}
	{Matrix34
		-1	0	0
		0	0.00778156	-0.99997
		0	-0.99997	-0.00778156
		-0.0331419	0.373395	-1.40973
	}
}
{Volume "piece02"
	{Box 19.4773 23.4813 2.29509}
	{Bone "piece02"}
	{Matrix34
		1	0	0
		0	0.00266746	-0.999996
		0	0.999996	0.00266746
		0.126274	0.13512	0.393697
	}
}
{Volume "piece03"
	{Box 23.9956 20.1563 2.22999}
	{Bone "piece03"}
	{Matrix34
		-1	0	0
		0	0.00778157	-0.99997
		0	-0.99997	-0.00778157
		-0.535408	0.085233	0.777998
	}
}
