;Exported by: Loskutov_K
;Date:        Fri Mar 26 15:10:17 2010
;File:        D:\_Vietnam\Art\Models\Houses\X\House_small_2\x_hs2.max
{Skeleton
	{bone "wall2_hs2_x"
		{Orientation
			1	0	0
			0	-1	0
			0	0	1
		}
		{bone "piece03"
			{Matrix34
				0.51732	0	0.855792
				0	-1	0
				0.855792	0	-0.51732
				23.4425	1.52613	-13.868
			}
			{VolumeView "piece03.ply"}
		}
		{bone "piece02"
			{Matrix34
				0.51732	0	0.855792
				0	-1	0
				0.855792	0	-0.51732
				-22.6877	1.47344	13.6784
			}
			{VolumeView "piece02.ply"}
		}
		{bone "piece01"
			{Matrix34
				-0.50709	0	0.861893
				0	-1	0
				0.861893	0	0.50709
				15.1362	4.29617	-15.0335
			}
			{VolumeView "piece01.ply"}
		}
	}
}
{Volume "piece01"
	{Box 35.0557 22.2116 2.51184}
	{Bone "piece01"}
	{Matrix34
		-0.50709	0	0.861893
		0.861893	0	0.50709
		0	1	0
		24.68	1.25547	18.8848
	}
}
{Volume "piece02"
	{Box 38.7254 20.2802 2.91744}
	{Bone "piece02"}
	{Matrix34
		0.00281224	0	0.999996
		0.999996	0	-0.00281224
		0	1	0
		-1.81657	-1.04019	1.06991
	}
}
{Volume "piece03"
	{Box 38.7254 20.2802 3.22454}
	{Bone "piece03"}
	{Matrix34
		0.00281224	0	0.999996
		0.999996	0	-0.00281224
		0	1	0
		-1.68158	-0.833956	-3.09275
	}
}
