;Exported by: Normand
;Date:        Thu Jan 24 02:13:21 2013
;File:        C:\Users\Normand\SdKfz251_17_xx.max
{Skeleton
	{bone "basis"
		{Orientation
			1	0	0
			0	-1	0
			0	0	1
		}
		{bone "wheelsR"
			{parameters "ID=trackright;"}
			{Matrix34
				1	0	0
				0	1	0
				0	0	1
				-24.3895	-13.7225	7.63787
			}
			{bone revolute "wheelr7"
				{parameters "Radius=0.4;ID=trackright;"}
				{Matrix34
					-1	0	0
					0	0.000782653	1
					0	-1	0.000782653
					10.5691	-3.67436	0.333828
				}
				{VolumeView "wheelr7.ply"}
			}
			{bone revolute "wheelr9"
				{parameters "Radius=0.4;ID=trackright;"}
				{Matrix34
					-1	0	0
					0	0.000782653	1
					0	-1	0.000782653
					-4.02154	-3.67428	0.358186
				}
				{VolumeView "wheelr9.ply"}
			}
			{bone revolute "wheelr8"
				{parameters "Radius=0.4;ID=trackright;"}
				{Matrix34
					-1	0	0
					0	0.000782653	1
					0	-1	0.000782653
					3.45043	-3.66377	0.318083
				}
				{VolumeView "wheelr8.ply"}
			}
			{bone revolute "wheelr5"
				{parameters "Radius=0.4;ID=trackright;"}
				{Matrix34
					-1	0	0
					0	0.000782653	1
					0	-1	0.000782653
					25.5175	-3.72016	0.326203
				}
				{VolumeView "wheelr5.ply"}
			}
			{bone revolute "wheelr6"
				{parameters "Radius=0.4;ID=trackright;"}
				{Matrix34
					-1	0	0
					0	0.000782653	1
					0	-1	0.000782653
					18.0411	-3.66385	0.293725
				}
				{VolumeView "wheelr6.ply"}
			}
			{bone revolute "wheelr4"
				{parameters "Radius=0.3;ID=trackright;"}
				{Matrix34
					-1	0	0
					0	0.000782653	1
					0	-1	0.000782653
					33.2087	-4.0549	0.167333
				}
				{VolumeView "wheelr4.ply"}
			}
		}
		{bone "wheelsL"
			{parameters "ID=trackleft;"}
			{Matrix34
				1	0	0
				0	1	0
				0	0	1
				-24.3895	13.1394	7.63787
			}
			{bone revolute "wheell9"
				{parameters "Radius=0.4;ID=trackleft;"}
				{Matrix34
					-1	0	0
					0	0.000782653	1
					0	-1	0.000782653
					3.44966	4.02067	0.215281
				}
				{VolumeView "wheell9.ply"}
			}
			{bone revolute "wheell8"
				{parameters "Radius=0.4;ID=trackleft;"}
				{Matrix34
					-1	0	0
					0	0.000782653	1
					0	-1	0.000782653
					-4.02118	3.69201	0.295773
				}
				{VolumeView "wheell8.ply"}
			}
			{bone revolute "wheell7"
				{parameters "Radius=0.4;ID=trackleft;"}
				{Matrix34
					-1	0	0
					0	0.000782653	1
					0	-1	0.000782653
					10.5695	3.69193	0.271414
				}
				{VolumeView "wheell7.ply"}
			}
			{bone revolute "wheell5"
				{parameters "Radius=0.4;ID=trackleft;"}
				{Matrix34
					-1	0	0
					0	0.000782653	1
					0	-1	0.000782653
					25.6845	3.64042	0.183863
				}
				{VolumeView "wheell5.ply"}
			}
			{bone revolute "wheell6"
				{parameters "Radius=0.4;ID=trackleft;"}
				{Matrix34
					-1	0	0
					0	0.000782653	1
					0	-1	0.000782653
					18.0403	4.0206	0.190923
				}
				{VolumeView "wheell6.ply"}
			}
			{bone revolute "wheell4"
				{parameters "Radius=0.3;ID=trackleft;"}
				{Matrix34
					-0.999103	0.0423451	-3.32275e-005
					0	0.000782556	1
					0.0423455	0.999103	-0.00078185
					33.1175	3.82926	0.211222
				}
				{VolumeView "wheell4.ply"}
			}
		}
		{bone "body"
			{parameters "ID=body;"}
			{Matrix34
				0.999361	-0.00742808	-0.0349639
				0.00872069	0.999279	0.0369637
				0.0346641	-0.037245	0.998705
				0.410746	-0.131822	19.3278
			}
			{VolumeView "body.ply"}
			{bone "label1"
				{parameters "ID=body;"}
				{Matrix34
					0	1	0
					-1	0	0
					0	0	1
					53.9801	5.23998	2.34659
				}
				{VolumeView "label1.ply"}
			}
			{bone "detail2"
				{parameters "ID=body;"}
				{Matrix34
					0	1	0
					-1	0	0
					0	0	1
					51.5151	10.7029	3.68793
				}
				{VolumeView "detail2.ply"}
			}
			{bone "door_left"
				{parameters "ID=body;"}
				{Matrix34
					0	0	1
					-1	0	0
					0	-1	0
					-55.7755	12.5296	4.24693
				}
				{VolumeView "door_left.ply"}
			}
			{bone "door_right"
				{parameters "ID=body;"}
				{Matrix34
					0	0	-1
					-1	0	0
					0	1	0
					-55.7769	-12.533	4.24693
				}
				{VolumeView "door_right.ply"}
			}
			{bone "commander"
				{Matrix34
					0.913747	0	0.406284
					0	1	0
					-0.406284	0	0.913747
					14.6844	-7.56495	-10.6065
				}
			}
			{bone "driver"
				{Matrix34
					0.909205	0	0.416348
					0.00342541	0.999966	-0.00748026
					-0.416334	0.00822725	0.909174
					14.8066	7.71674	-10.5941
				}
			}
			{bone "fxfire1"
				{Matrix34
					0.99999	0.00453793	0
					0	0	1
					0.00453793	-0.99999	0
					32.0084	-0.0852467	4.12356
				}
			}
			{bone revolute "wheell2"
				{parameters "Radius=0.35;ID=trackleft;"}
				{Matrix34
					-1	0	0
					0	0.000782653	1
					0	-1	0.000782653
					21.6016	16.9737	-9.68913
				}
				{VolumeView "wheell2.ply"}
			}
			{bone revolute "wheell3"
				{parameters "Radius=0.5;ID=trackleft;"}
				{Matrix34
					-1	0	0
					0	0.000782653	1
					0	-1	0.000782653
					-37.5549	17.1059	-10.6891
				}
				{VolumeView "wheell3.ply"}
			}
			{bone revolute "wheelr2"
				{parameters "Radius=0.35;ID=trackright;"}
				{Matrix34
					-1	0	0
					0	0.000782653	1
					0	-1	0.000782653
					21.615	-17.0024	-9.65729
				}
				{VolumeView "wheelr2.ply"}
			}
			{bone revolute "wheelr3"
				{parameters "Radius=0.5;ID=trackright;"}
				{Matrix34
					-1	0	0
					0	0.000782653	1
					0	-1	0.000782653
					-37.5625	-17.6792	-10.7708
				}
				{VolumeView "wheelr3.ply"}
			}
			{bone "detail5"
				{parameters "ID=body;"}
				{Position 16.2408	0.388793	-0.0926666}
				{VolumeView "detail5.ply"}
			}
			{bone "detail6"
				{parameters "ID=body;"}
				{Matrix34
					0.988302	-0.121453	-0.0922414
					-0.120712	-0.992594	0.0135957
					-0.0932096	-0.00230192	-0.995644
					34.917	19.0904	1.62385
				}
				{VolumeView "detail6.ply"}
			}
			{bone "detail4"
				{parameters "ID=body;"}
				{Matrix34
					0.999697	-0.0214249	-0.0121241
					0.0214447	0.999769	0.00151036
					0.0120889	-0.00176993	0.999925
					-21.15	-17.6852	-1.14276
				}
				{VolumeView "detail4.ply"}
			}
			{bone "engine_body"
				{parameters "ID=engine;"}
				{Matrix34
					0	-1	0
					-0.0347087	0	0.999397
					-0.999397	0	-0.0347081
					38.9198	0.0470386	-4.98876
				}
				{VolumeView "engine_body.ply"}
			}
			{bone revolute "mgun1_turret"
				{parameters "ID=body;"}
				{limits -30 30}
				{Position -50.2485	0.0885534	15.4376}
				{VolumeView "mgun1_turret.ply"}
				{bone revolute "mgun1_rot"
					{parameters "ID=body;"}
					{limits -10 15}
					{Matrix34
						1	0	0
						0	-0.00327018	0.999995
						0	-0.999995	-0.00327018
						9.59994	7.45654e-005	3.72867
					}
					{VolumeView "mgun1_rot.ply"}
					{bone "mgun1"
						{Matrix34
							-0.999991	0	0.00412233
							1.1608e-005	0.999995	0.00327488
							-0.00412232	0.0032749	-0.999986
							-1.94223	0.284779	0.00932145
						}
					}
				}
			}
			{bone "engine"
				{parameters "ID=engine;"}
				{Position 0	0	0}
				{VolumeView "engine.ply"}
				{bone "engine_cover1"
					{parameters "ID=engine;"}
					{Matrix34
						-0.0612825	0.393796	-0.917153
						-0.27586	-0.889771	-0.363607
						-0.959242	0.230723	0.16316
						32.5412	9.649	8.17636
					}
					{VolumeView "engine_cover1.ply"}
				}
				{bone "engine_cover2"
					{parameters "ID=body;"}
					{Matrix34
						-0.0354683	-0.429858	-0.902199
						-0.251887	0.877467	-0.408172
						-0.967106	-0.212775	0.139398
						32.5412	-9.75493	8.17637
					}
					{VolumeView "engine_cover2.ply"}
				}
			}
			{bone "right_side"
				{parameters "ID=body;"}
				{Matrix34
					0	-0.629023	-0.777387
					0	-0.777387	0.629023
					-1	0	0
					-18.0736	-15.0197	-0.721579
				}
				{VolumeView "right_side.ply"}
			}
			{bone "boxes"
				{parameters "ID=body;"}
				{Matrix34
					0.998442	0	0.0557963
					0	1	0
					-0.0557963	0	0.998442
					11.0527	7.71582e-005	2.52717
				}
				{VolumeView "boxes.ply"}
			}
			{bone "left_side"
				{parameters "ID=body;"}
				{Matrix34
					0	-0.62977	0.776781
					0	0.776781	0.62977
					-1	0	0
					-18.4405	15.0819	-0.716934
				}
				{VolumeView "left_side.ply"}
			}
			{bone "stand"
				{parameters "ID=body;"}
				{Position -17.9345	-0.0152611	-0.644892}
				{VolumeView "stand.ply"}
				{bone revolute "turret"
					{parameters "ID=turret;"}
					{Matrix34
						0.999753	-0.0065093	-0.0212533
						0.00826356	0.996471	0.0835351
						0.0206347	-0.0836897	0.996278
						-0.207932	0.0966408	10.8347
					}
					{VolumeView "turret.ply"}
					{bone revolute "gun_rot"
						{parameters "ID=gun;"}
						{limits -10 60}
						{Matrix34
							0.999982	0.00596201	1.05873e-005
							0	-0.000176519	1
							0.00596244	-0.999982	-0.000177182
							6.3114	0.0241158	10.044
						}
						{VolumeView "gun_rot.ply"}
						{bone "gun"
							{parameters "ID=gun;"}
							{Orientation
								1.99932e-005	-0.00164999	-0.999999
								0.153237	0.988188	-0.00162803
								0.988189	-0.153237	0.000273133
							}
							{VolumeView "gun.ply"}
						}
					}
				}
			}
			{bone "side_am1"
				{Matrix34
					0	-0.946109	0.323849
					0	0.323849	0.946109
					-1	0	0
					0.657462	15.3213	12.4299
				}
				{VolumeView "side_am1.ply"}
				{bone "side_am2"
					{Position -5.32982	-0.0503311	0.644044}
					{VolumeView "side_am2.ply"}
				}
			}
			{bone "side_am3"
				{Matrix34
					1.01704e-005	-0.946109	0.323849
					0	0.323849	0.946109
					1	1.18878e-005	0
					-38.1145	15.3211	12.4298
				}
				{VolumeView "side_am3.ply"}
				{bone "side_am4"
					{Position -5.32982	-0.0503349	0.631508}
					{VolumeView "side_am4.ply"}
				}
			}
			{bone "side_am6"
				{Matrix34
					0.000208198	0.946108	0.32385
					-6.85851e-005	-0.32385	0.946109
					-1	0.00021893	0
					0.658672	-15.3978	12.8022
				}
				{VolumeView "side_am3.ply"}
				{bone "side_am7"
					{Position -5.32982	-0.0503387	0.631504}
					{VolumeView "side_am4.ply"}
				}
			}
			{bone "side_am8"
				{Matrix34
					0.000218197	0.946109	0.323849
					-7.46445e-005	-0.323849	0.946109
					1	-0.000230612	0
					-38.1133	-15.3891	12.8022
				}
				{VolumeView "side_am1.ply"}
				{bone "side_am5"
					{Position -5.32982	-0.0503349	0.644043}
					{VolumeView "side_am2.ply"}
				}
			}
		}
		{bone "pivot_front"
			{parameters "ID=body;"}
			{Position 0.410746	-0.131818	20.0197}
			{VolumeView "pivot_front.ply"}
			{bone revolute "steerl"
				{Matrix34
					0.999993	0.00386556	0
					0.00386556	-0.999993	0
					0	0	1
					46.0678	15.11	-10.8545
				}
				{VolumeView "steerl.ply"}
				{bone revolute "wheell1"
					{parameters "ID=wheelleft;Radius=0.25;"}
					{Matrix34
						-0.999992	0.00391664	0
						-7.77769e-005	-0.019858	0.999803
						0.00391587	0.999795	0.0198581
						0.503628	-2.59241	-0.300962
					}
					{VolumeView "wheell1.ply"}
				}
			}
			{bone revolute "steerr"
				{Matrix34
					1	0	0
					0	-1	0
					0	0	1
					46.0933	-15.173	-11.3571
				}
				{VolumeView "steerr.ply"}
				{bone revolute "wheelr1"
					{parameters "ID=wheelright;Radius=0.25;"}
					{Matrix34
						-0.99997	-0.0077819	0
						-0.000154529	0.0198569	0.999803
						0.00778037	-0.999773	0.0198575
						0.468082	2.5312	0.201689
					}
					{VolumeView "wheelr1.ply"}
				}
			}
		}
	}
}
{Volume "body"
	{Polyhedron "body_2.vol"}
	{Bone "body"}
	{Matrix34
		1	0	0
		0	0	1
		0	-1	0
		-20.3333	15.5464	1.05163
	}
}
{Volume "body2"
	{Polyhedron "body_3.vol"}
	{Bone "body"}
	{Matrix34
		1	0	0
		0	0	1
		0	-1	0
		-11.9128	-12.6061	-9.42623
	}
}
{Volume "bodyl"
	{Polyhedron "bodyl.vol"}
	{Bone "left_side"}
	{Matrix34
		0	0	-1
		-0.0176979	0.999843	0
		-0.999843	-0.017698	0
		-0.170864	7.9571	0.217613
	}
}
{Volume "bodyr"
	{Polyhedron "bodyr.vol"}
	{Bone "right_side"}
	{Matrix34
		0	0	-1
		0.00726524	0.999974	0
		0.999974	-0.00726524	0
		0.118578	7.96285	0.584553
	}
}
{Volume "engine"
	{Polyhedron "engine_2.vol"}
	{Bone "engine"}
	{Matrix34
		1	0	0
		0	0	1
		0	-1	0
		40.4005	13.5726	1.09352
	}
}
{Volume "gun_rot"
	{Polyhedron "gun_rot.vol"}
	{Bone "gun_rot"}
	{Matrix34
		1	0	-0.000271264
		0	0.999999	0.00149728
		0.000271275	-0.00149763	0.999999
		8.03776	-0.343136	-2.11053
	}
}
{Volume "gun"
	{Cylinder 0.867052 30}
	{Bone "gun"}
	{Matrix34
		-0.999995	-0.00315284	0.000293663
		-0.00315348	0.999992	-0.00269295
		-0.000285226	-0.00269447	-0.999996
		-0.0115187	-0.12481	18.9957
	}
}
{Volume "mgun_turret"
	{Polyhedron "mgun_turret.vol"}
	{Bone "mgun1_turret"}
	{Matrix34
		1	0	0
		0	0	1
		0	-1	0
		4.5664	0.369169	2.08305
	}
}
{Volume "shield"
	{Polyhedron "shield.vol"}
	{Bone "turret"}
	{Matrix34
		0.00622741	-0.999979	-0.00167982
		-0.205268	-0.00292198	0.978701
		-0.978686	-0.00574993	-0.205282
		-0.157139	-8.8273	14.928
	}
}
{Volume "stand"
	{Box 20.0716 21.1218 11}
	{Bone "stand"}
	{Position -0.141205	-0.00941736	5.43528}
}
{Volume "trackleft"
	{Box 3.1 0.667323 0.275591}
	{Bone "wheelsl"}
	{Matrix34
		23.2267	-5.53334e-005	0.000145885
		5.524e-005	23.2267	0.0215635
		-0.000214357	-0.01511	23.2267
		16.3023	0.985925	-3.00659
	}
}
{Volume "trackright"
	{Box 3.1 0.665354 0.275591}
	{Bone "wheelsr"}
	{Matrix34
		23.2267	-5.53334e-005	0.000145885
		5.524e-005	23.2267	0.0215635
		-0.000214357	-0.01511	23.2267
		16.1418	1.0024	4.35
	}
}
{Volume "turret1"
	{Polyhedron "turret1.vol"}
	{Bone "turret"}
	{Matrix34
		0.00622728	-0.999979	-0.00167967
		0	-0.00167925	0.999999
		-0.999981	-0.00622725	-1.05985e-005
		14.5624	8.19948	8.81369
	}
}
{Volume "turret2"
	{Polyhedron "turret2.vol"}
	{Bone "turret"}
	{Matrix34
		0.00622728	-0.999979	-0.00167967
		0	-0.00167925	0.999999
		-0.999981	-0.00622725	-1.05985e-005
		14.6632	-7.98264	8.78651
	}
}
{Volume "turret"
	{Polyhedron "turret.vol"}
	{Bone "turret"}
	{Matrix34
		0.999981	0.00622752	1.05649e-005
		-0.00622768	0.999979	0.00167968
		0	-0.00167936	0.999999
		3.12018	-0.114336	-0.104612
	}
}
{Volume "wheelleft1"
	{Cylinder 6.75 3.8}
	{Bone "steerl"}
	{Matrix34
		0.999993	0.00385966	0
		0	0	1
		-0.00385966	0.999993	0
		0.622625	-2.23497	-0.477493
	}
}
{Volume "wheelright1"
	{Cylinder 6.75 3.8}
	{Bone "steerr"}
	{Matrix34
		1	0	0
		0	0	1
		0	1	0
		0.553616	2.171	0.0507721
	}
}
