;Exported by: Loskutov_K
;Date:        Thu Mar 18 11:15:38 2010
;File:        D:\_Vietnam\Art\Models\Houses\X\House_small_1_x\hs1_x.max
{Skeleton
	{bone "ladder_hs1_x"
		{Orientation
			1	0	0
			0	-1	0
			0	0	1
		}
		{bone "piece05"
			{Matrix34
				-0.513396	0	0.858152
				-0.858152	0	-0.513396
				0	-1	0
				-4.64716	0.88707	3.69782
			}
			{VolumeView "piece05.ply"}
		}
		{bone "piece01"
			{Matrix34
				0	1	0
				-0.858152	0	-0.513396
				-0.513396	0	0.858152
				0.324631	-7.87214	-0.80163
			}
			{VolumeView "piece01.ply"}
		}
		{bone "piece04"
			{Matrix34
				-0.513396	0	0.858152
				-0.858152	0	-0.513396
				0	-1	0
				3.6841	2.08623	-2.49138
			}
			{VolumeView "piece04.ply"}
		}
		{bone "piece03"
			{Matrix34
				-0.513396	0	-0.858152
				-0.858152	0	0.513396
				0	1	0
				7.52356	2.08627	-9.15539
			}
			{VolumeView "piece03.ply"}
		}
		{bone "piece02"
			{Matrix34
				0	1	0
				-0.858152	0	-0.513396
				-0.513396	0	0.858152
				-0.859222	11.2864	1.14641
			}
			{VolumeView "piece02.ply"}
		}
	}
}
{Volume "piece01"
	{Box 1.33781 1.38646 32.0632}
	{Bone "piece01"}
	{Matrix34
		0	-0.999936	-0.0112918
		1	0	0
		0	-0.0112918	0.999936
		-0.0312102	0.116385	-0.956167
	}
}
{Volume "piece02"
	{Box 1.33781 1.38646 24.3681}
	{Bone "piece02"}
	{Matrix34
		0	-0.999936	-0.0112918
		1	0	0
		0	-0.0112918	0.999936
		0.134682	-0.197615	-0.262212
	}
}
{Volume "piece03"
	{Box 1.33781 1.38646 20.9632}
	{Bone "piece03"}
	{Matrix34
		-0.513396	-0.858152	0
		-0.858152	0.513396	0
		0	0	-1
		-0.198467	0.00737344	0.1329
	}
}
{Volume "piece04"
	{Box 1.33781 1.38646 20.9632}
	{Bone "piece04"}
	{Matrix34
		-0.513396	-0.858152	0
		0.858152	-0.513396	0
		0	0	1
		-0.0626077	0.0400533	-0.132935
	}
}
{Volume "piece05"
	{Box 1.33781 1.38646 20.9632}
	{Bone "piece05"}
	{Matrix34
		-0.513396	-0.858152	0
		0.858152	-0.513396	0
		0	0	1
		-0.0415773	-0.02075	-1.3321
	}
}
