;Exported by: Артем
;Date:        Sun Aug 31 18:52:04 2014
;File:        D:\Autodesk\Low poly\freelance\DMS\Vehicles\M3 half track\export\M3A1.max
{Skeleton
	{bone "basis"
		{parameters "SteerMax=25;"}
		{Orientation
			1	0	0
			0	-1	0
			0	0	1
		}
		{bone "wheelsr"
			{parameters "wheelsR;"}
			{Position -25.4167	-13.635	4.4556}
			{VolumeView "wheelsr.ply"}
			{bone revolute "wheelr6"
				{parameters "ID=trackRight;Radius=0.46;"}
				{Matrix34
					1	0	0
					0	0	-1
					0	1	0
					-11.7025	-3.12115	0.0468998
				}
				{VolumeView "wheelr6.ply"}
			}
			{bone revolute "wheelr5"
				{parameters "ID=trackRight;Radius=0.46;"}
				{Matrix34
					1	0	0
					0	0	-1
					0	1	0
					-4.43612	-3.12115	0.0468998
				}
				{VolumeView "wheelr6.ply"}
			}
			{bone revolute "wheelr4"
				{parameters "ID=trackRight;Radius=0.46;"}
				{Matrix34
					1	0	0
					0	0	-1
					0	1	0
					4.446	-3.12115	0.0468998
				}
				{VolumeView "wheelr6.ply"}
			}
		}
		{bone "wheelsl"
			{parameters "wheelsL;"}
			{Position -25.4167	13.6953	4.4556}
			{VolumeView "wheelsl.ply"}
			{bone revolute "wheell6"
				{parameters "ID=trackleft;Radius=0.46;"}
				{Matrix34
					1	0	0
					0	-0.0436195	-0.999048
					0	0.999048	-0.0436195
					-11.7025	3.12115	0.0469027
				}
				{VolumeView "wheell6.ply"}
			}
			{bone revolute "wheell5"
				{parameters "ID=trackleft;Radius=0.46;"}
				{Matrix34
					1	0	0
					0	0	-1
					0	1	0
					-4.43612	3.12115	0.0469027
				}
				{VolumeView "wheell6.ply"}
			}
			{bone revolute "wheell3"
				{parameters "ID=trackleft;Radius=0.46;"}
				{Matrix34
					1	0	0
					0	0	-1
					0	1	0
					11.7013	3.12115	0.0469027
				}
				{VolumeView "wheell6.ply"}
			}
		}
		{bone "pivot_back"
			{Matrix34
				-1	0	0
				0	0	1
				0	1	0
				-35.7142	0	4.30835
			}
		}
		{bone "body"
			{parameters "ID=body;"}
			{Matrix34
				0.999048	-0.00114142	-0.0435985
				-0.000380541	0.999391	-0.0348842
				0.0436118	0.0348676	0.99844
				0.43025	0.0522079	12.2452
			}
			{VolumeView "body.ply"}
			{bone "doorleft"
				{Matrix34
					0.565466	-0.824333	0.0268909
					0.824456	0.565851	0.00922574
					-0.0228213	0.0169535	0.999596
					16.0114	16.0912	10.4221
				}
				{VolumeView "doorleft.ply"}
			}
			{bone "doorright"
				{Matrix34
					0.819496	0.572957	0.0121362
					-0.572407	0.819372	-0.031306
					-0.027881	0.0187083	0.999436
					16.0143	-16.1199	13.7607
				}
				{VolumeView "doorright.ply"}
			}
			{bone "engine"
				{parameters "ID=engine;"}
				{Position 38.076	0.0085	5.167}
				{VolumeView "engine_m3.ply"}
				{bone "engine_hatch2"
					{parameters "ID=engine;"}
					{Matrix34
						0.117666	0.278046	0.953334
						-0.0340594	0.960568	-0.275952
						-0.992469	0	0.122496
						-2.42997	-3.02513	9.79159
					}
					{VolumeView "engine_hatch2.ply"}
				}
				{bone "engine_hatch1"
					{parameters "ID=engine;"}
					{Matrix34
						0.119964	-0.202277	0.971953
						0.0247782	0.979328	0.200754
						-0.992469	0	0.122496
						-2.42997	2.9902	9.79159
					}
					{VolumeView "engine_hatch1.ply"}
				}
			}
			{bone "wheel_steer"
				{parameters "ID=body;"}
				{Position 11.6492	10.552	15.6887}
				{VolumeView "wheel_steer.ply"}
			}
			{bone "seats01"
				{parameters "ID=body;"}
				{Position -26.1736	-0.0125904	9.64394}
				{VolumeView "seats01.ply"}
			}
			{bone "seats02"
				{parameters "ID=body;"}
				{Position 3.75866	-0.0125904	9.64394}
				{VolumeView "seats02.ply"}
			}
			{bone "handrails"
				{parameters "ID=body;"}
				{Position 2.02771	-0.0125904	9.64394}
				{VolumeView "handrails.ply"}
			}
			{bone "fuels"
				{parameters "ID=body;"}
				{Position -26.1736	-0.0125904	9.64394}
				{VolumeView "fuels.ply"}
			}
			{bone "front_frame"
				{parameters "ID=body;"}
				{Position 2.02771	-0.0125904	9.64394}
				{VolumeView "front_frame.ply"}
				{bone "front_shield"
					{parameters "ID=body;"}
					{VolumeView "front_shield.ply"}
				}
			}
			{bone "fenderr"
				{parameters "ID=body;"}
				{Position 2.02771	-0.0125904	9.64394}
				{VolumeView "fenderr.ply"}
				{bone "lightr"
					{parameters "ID=body;"}
					{Position -8.5665	1.41767	-7.30282}
					{VolumeView "lightr.ply"}
				}
			}
			{bone "fenderl"
				{parameters "ID=body;"}
				{Position 2.02771	-0.0125904	9.64394}
				{VolumeView "fenderl.ply"}
				{bone "lightl"
					{parameters "ID=body;"}
					{Matrix34
						1	0	0
						0	-1	0
						0	0	1
						-8.5665	-1.23958	-7.36973
					}
					{VolumeView "lightl.ply"}
				}
			}
			{bone "shield"
				{parameters "ID=shield;"}
				{Position -26.0603	-0.0638152	26.3076}
				;{VolumeView "shield.ply"}
			}
			{bone "cover_l"
				{parameters "ID=body;"}
				{VolumeView "cover_l.ply"}
			}
			{bone "cover_r"
				{parameters "ID=body;"}
				{VolumeView "cover_r.ply"}
			}
			{bone "seat_central2"
				{parameters "ID=body;"}
				{Matrix34
					-1	0	0
					0	1	0
					0	0	1
					-14.057	0.593482	9.53717
				}
				{VolumeView "seat_central2.ply"}
			}
			{bone "buffer2"
				{parameters "ID=body;"}
				{VolumeView "buffer2.ply"}
			}
			{bone revolute "part3"
				{parameters "ID=trackleft;Radius=0.46;"}
				{Matrix34
					1	0	0
					0	0	-1
					0	1	0
					-5.64577	16.8218	-2.03333
				}
				{VolumeView "part3.ply"}
			}
			{bone revolute "wheelr2"
				{parameters "ID=trackRight;Radius=0.46;"}
				{Matrix34
					1	0	0
					0	0	-1
					0	1	0
					-5.64577	-16.866	-2.03333
				}
				{VolumeView "wheelr2.ply"}
			}
			{bone revolute "part5"
				{parameters "ID=trackRight;Radius=0.46;"}
				{Matrix34
					1	0	0
					0	0	-1
					0	1	0
					-46.2533	-16.7648	-2.3991
				}
				{VolumeView "part5.ply"}
			}
			{bone revolute "wheell8"
				{parameters "ID=trackleft;Radius=0.46;"}
				{Matrix34
					1	0	0
					0	0	-1
					0	1	0
					-25.7988	16.644	1.18135
				}
				{VolumeView "wheell8.ply"}
			}
			{bone revolute "wheelr8"
				{parameters "ID=trackRight;Radius=0.46;"}
				{Matrix34
					1	0	0
					0	0	-1
					0	1	0
					-25.7988	-16.6882	1.18135
				}
				{VolumeView "wheelr8.ply"}
			}
			{bone revolute "wheell7"
				{parameters "ID=trackleft;Radius=0.46;"}
				{Matrix34
					1	0	0
					0	0	-1
					0	1	0
					-46.2533	18.5457	-2.3991
				}
				{VolumeView "wheell7.ply"}
			}
			{bone revolute "steer_b001"
				{Matrix34
					0.754709	0	0.656059
					0	-1	0
					0.656059	0	-0.754709
					12.5304	10.5635	14.4536
				}
				{bone "handwhee"
					{Matrix34
						0.75471	0	0.656059
						0	-1	0
						0.656059	0	-0.75471
						-0.055584	0.00496674	-1.10063
					}
					{VolumeView "handwhee.ply"}
				}
			}
		}
		{bone "pivot_front"
			{Position 43.785	-0.00537851	6.09287}
			{bone revolute "steer_l1"
				{Matrix34
					-1	0	0
					0	1	0
					0	0	-1
					0.00291061	14.7185	1.74068
				}
				{bone revolute "wheell1"
					{parameters "ID=wheelleft1;Radius=0.49;"}
					{Matrix34
						-1	0	0
						0	0.275637	0.961262
						0	0.961262	-0.275637
						0.000244141	2.02294	-0.615846
					}
					{VolumeView "wheell1.ply"}
				}
				{bone "rl"
					{Matrix34
						-1	0	0
						0	1	0
						0	0	-1
						0.137241	0.372641	-0.378598
					}
					{VolumeView "rl.ply"}
				}
			}
			{bone revolute "steer_r1"
				{Matrix34
					-1	0	0
					0	1	0
					0	0	-1
					0.0029068	-14.7478	1.74068
				}
				{bone revolute "wheelr1"
					{parameters "ID=wheelright1;Radius=0.49;"}
					{Matrix34
						-0.968148	0.25038	0
						-0.0413248	-0.159791	0.986286
						0.246946	0.95487	0.165048
						-0.200077	-1.7904	-1.1949
					}
					{VolumeView "wheelr1.ply"}
				}
				{bone "rr"
					{Matrix34
						-0.968148	0.25038	0
						-0.246946	-0.95487	-0.165047
						0.0413246	0.15979	-0.986286
						0.330467	-0.28608	-0.688395
					}
					{VolumeView "rr.ply"}
				}
			}
		}
	}
}
{Volume "body1"
	{Polyhedron "body1.vol"}
	{Bone "body"}
	{Position 25.6344	-0.0398679	-3.98921}
}
{Volume "body2"
	{Polyhedron "body2.vol"}
	{Bone "body"}
	{Position 25.6344	-0.0398679	-3.98921}
}
{Volume "body3"
	{Box 1.16302 16.4131 50.5276}
	{Bone "body"}
	{Matrix34
		0	-1	0
		0	0	1
		-1	0	0
		-26.047	19.2981	15.6494
	}
}
{Volume "body4"
	{Box 39.7368 16.4131 1.09055}
	{Bone "body"}
	{Matrix34
		0	-1	0
		0	0	1
		-1	0	0
		-50.8747	-0.0612449	15.6494
	}
}
{Volume "body5"
	{Box 1.16302 16.4131 50.5276}
	{Bone "body"}
	{Matrix34
		0	-1	0
		0	0	1
		-1	0	0
		-26.047	-19.4631	15.6494
	}
}
{Volume "body6"
	{Box 39.7368 1.31305 54.4845}
	{Bone "body"}
	{Matrix34
		0	-1	0
		0	0	1
		-1	0	0
		-27.6596	-0.0612405	7.27164
	}
}
{Volume "body7"
	{Box 23.2604 9.43651 54.4401}
	{Bone "body"}
	{Matrix34
		0	-1	0
		0	0	1
		-1	0	0
		-27.9977	0.0100796	1.9924
	}
}
{Volume "bumper"
	{Polyhedron "bumper.vol"}
	{Bone "body"}
	{Position 61.471	-0.0887648	0.351555}
}
{Volume "engine"
	{Polyhedron "engine.vol"}
	{Bone "engine"}
	{Position -12.7406	-0.0247598	-8.90917}
}
{Volume "part3"
	{Cylinder 6.06147 6.17107}
	{Bone "part3"}
	{Position -0.000458163	0.000493567	-0.0646029}
}
{Volume "part5"
	{Cylinder 5.09367 6.17107}
	{Bone "part5"}
	{Position 0	0	0}
}
{Volume "trackleft"
	{Polyhedron "trackleft.vol"}
	{Bone "wheelsl"}
	{Matrix34
		-1	0	0
		0	0	1
		0	1	0
		-6.25584	-3.18103	3.96123
	}
}
{Volume "trackright"
	{Polyhedron "trackright.vol"}
	{Bone "wheelsr"}
	{Matrix34
		-1	0	0
		0	0	1
		0	1	0
		-6.25584	-9.92348	3.96123
	}
}
{Volume "wheelleft1"
	{Cylinder 8.14308 5.30124}
	{Bone "wheell1"}
	{Matrix34
		1	0	0
		0	-1	0
		0	0	-1
		-0.132782	-0.0872584	-0.836494
	}
}
{Volume "wheelright1"
	{Cylinder 8.14308 5.30124}
	{Bone "wheelr1"}
	{Matrix34
		1	0	0
		0	-1	0
		0	0	-1
		-0.132782	-0.0872539	0.620093
	}
}
