;Exported by: Loskutov_K
;Date:        Thu Mar 18 13:34:59 2010
;File:        D:\_Vietnam\Art\Models\Houses\X\House_small_1_x\hs1_x.max
{Skeleton
	{bone "roofhold_hs1_x"
		{Orientation
			1	0	0
			0	-1	0
			0	0	1
		}
		{bone "piece01"
			{Matrix34
				0	-1	0
				0.707107	0	-0.707107
				0.707107	0	0.707107
				-12.075	32.4939	6.26906
			}
			{VolumeView "piece01.ply"}
			{bone "sub_piece01"
				{Matrix34
					-1	0	0
					0	0	-1
					0	-1	0
					-1.24036	17.5972	17.5972
				}
				{VolumeView "sub_piece01.ply"}
			}
		}
		{bone "piece04"
			{Matrix34
				0	-1	0
				0.707107	0	-0.707107
				0.707107	0	0.707107
				-32.0403	12.3989	-14.4523
			}
			{VolumeView "piece04.ply"}
		}
		{bone "piece02"
			{Matrix34
				0	-1	0
				0.707107	0	-0.707107
				0.707107	0	0.707107
				-11.6868	4.59276	6.15405
			}
			{VolumeView "piece02.ply"}
		}
		{bone "piece03"
			{Matrix34
				0	-1	0
				0.707107	0	-0.707107
				0.707107	0	0.707107
				-23.4179	-27.3488	-5.24069
			}
			{VolumeView "piece03.ply"}
		}
		{bone "piece08"
			{Matrix34
				0	1	0
				-0.707107	0	-0.707107
				-0.707107	0	0.707107
				8.82802	-24.8072	10.3222
			}
			{VolumeView "piece08.ply"}
		}
		{bone "piece06"
			{Matrix34
				0	1	0
				-0.707107	0	-0.707107
				-0.707107	0	0.707107
				30.2657	-31.8134	-11.6113
			}
			{VolumeView "piece06.ply"}
		}
		{bone "piece05"
			{Matrix34
				0	1	0
				-0.707107	0	-0.707107
				-0.707107	0	0.707107
				29.7308	-0.995722	-11.0682
			}
			{VolumeView "piece05.ply"}
		}
		{bone "piece07"
			{Matrix34
				0	1	0
				-0.707107	0	-0.707107
				-0.707107	0	0.707107
				35.5092	32.664	-16.8954
			}
			{VolumeView "piece07.ply"}
		}
	}
}
{Volume "piece01"
	{Box 1.21705 40.6895 21.9536}
	{Bone "piece01"}
	{Matrix34
		0	1	0
		0	0	1
		1	0	0
		-0.567305	-0.0152545	0.0326467
	}
}
{Volume "piece02"
	{Box 1.21705 29.7786 21.9536}
	{Bone "piece02"}
	{Matrix34
		0	1	0
		0	0	1
		1	0	0
		1.33419	0.0896883	-2.40618
	}
}
{Volume "piece03"
	{Box 1.21705 29.7786 21.9536}
	{Bone "piece03"}
	{Matrix34
		0	1	0
		0	0	1
		1	0	0
		-0.327811	-0.032379	0.104378
	}
}
{Volume "piece04"
	{Box 1.21705 23.5251 42.8755}
	{Bone "piece04"}
	{Matrix34
		0	1	0
		0	0	1
		1	0	0
		-0.497355	-0.351014	-4.11496
	}
}
{Volume "piece05"
	{Box 1.21705 24.2103 21.9536}
	{Bone "piece05"}
	{Matrix34
		0	-1	0
		0	0	1
		-1	0	0
		-0.546359	-0.00969201	-1.1187
	}
}
{Volume "piece06"
	{Box 1.21705 24.2103 21.9536}
	{Bone "piece06"}
	{Matrix34
		0	-1	0
		0	0	1
		-1	0	0
		0.632858	-0.0145864	-0.984139
	}
}
{Volume "piece07"
	{Box 1.21705 28.0839 25.6858}
	{Bone "piece07"}
	{Matrix34
		0	-1	0
		0	0	1
		-1	0	0
		-0.298515	0.0169227	-0.265329
	}
}
{Volume "piece08"
	{Box 1.21705 24.2103 42.8755}
	{Bone "piece08"}
	{Matrix34
		0	-1	0
		0	0	1
		-1	0	0
		-0.361307	0.013077	-4.2978
	}
}
{Volume "sub_piece01"
	{Box 1.21705 32.9845 25.6858}
	{Bone "sub_piece01"}
	{Matrix34
		0	-1	0
		0	0	1
		-1	0	0
		-1.36884	-0.106223	-0.243574
	}
}
