;Exported by: Loskutov_K
;Date:        Thu Apr 01 11:26:44 2010
;File:        D:\_Vietnam\Art\Models\Houses\X\Naves_2_x\naves2_x.max
{Skeleton
	{bone "naves_2_x"
		{Orientation
			1	0	0
			0	-1	0
			0	0	1
		}
		{bone "piece01"
			{Matrix34
				0	-1	0
				1	0	0
				0	0	1
				33.0547	126.999	15.1154
			}
			{VolumeView "piece01.ply"}
		}
		{bone "piece02"
			{Matrix34
				0	-1	0
				1	0	0
				0	0	1
				-44.3873	179.483	16.91
			}
			{VolumeView "piece02.ply"}
		}
		{bone "piece03"
			{Matrix34
				0	-1	0
				1	0	0
				0	0	1
				34.7231	170.938	18.9337
			}
			{VolumeView "piece03.ply"}
		}
		{bone "piece04"
			{Matrix34
				0	1	0
				-1	0	0
				0	0	1
				-42.1131	-105.179	18.5954
			}
			{VolumeView "piece04.ply"}
		}
		{bone "piece05"
			{Matrix34
				0	0	-1
				1	0	0
				0	-1	0
				34.5611	30.3822	146.12
			}
			{VolumeView "piece05.ply"}
		}
		{bone "piece06"
			{Matrix34
				0	-1	0
				1	0	0
				0	0	1
				-2.28444	101.368	3.40454
			}
			{VolumeView "piece06.ply"}
		}
		{bone "piece07"
			{Matrix34
				-1	0	0
				0	0.402118	-0.915588
				0	-0.915588	-0.402118
				-26.9548	-30.0712	42.5978
			}
			{VolumeView "piece07.ply"}
		}
		{bone "piece08"
			{Matrix34
				1	0	0
				0	0.414524	-0.910038
				0	0.910038	0.414524
				-19.1552	-9.98596	52.2933
			}
			{VolumeView "piece08.ply"}
		}
		{bone "piece09"
			{Matrix34
				-1	0	0
				0	0.437056	-0.899434
				0	-0.899434	-0.437056
				16.6892	-23.9414	46.594
			}
			{VolumeView "piece09.ply"}
		}
		{bone "piece10"
			{Matrix34
				0	0.890532	0.454921
				0	-0.454921	0.890532
				1	0	0
				-9.53621	-36.962	36.7474
			}
			{VolumeView "piece10.ply"}
		}
		{bone "piece11"
			{Matrix34
				0	0	-1
				1	0	0
				0	-1	0
				-44.1112	-0.0113773	163.202
			}
			{VolumeView "piece11.ply"}
		}
		{bone "piece12"
			{Matrix34
				-1	0	0
				0	-0.414524	-0.910038
				0	-0.910038	0.414524
				5.19038	11.3695	54.3732
			}
			{VolumeView "piece12.ply"}
		}
		{bone "piece13"
			{Matrix34
				1	0	0
				0	-0.437056	-0.899434
				0	0.899434	-0.437056
				-30.654	28.1532	46.594
			}
			{VolumeView "piece13.ply"}
		}
		{bone "piece14"
			{Matrix34
				1	0	0
				0	-0.402118	-0.915588
				0	0.915588	-0.402118
				20.1544	34.283	42.5978
			}
			{VolumeView "piece14.ply"}
		}
	}
}
{Volume "piece01"
	{Box 2.13333 2.21091 42.9346}
	{Bone "piece01"}
	{Matrix34
		0	1	0
		-1	0	0
		0	0	1
		125.51	0.156898	-0.373276
	}
}
{Volume "piece02"
	{Box 2.13333 2.21091 43.5265}
	{Bone "piece02"}
	{Matrix34
		0	1	0
		-1	0	0
		0	0	1
		134.79	-0.133621	-0.810089
	}
}
{Volume "piece03"
	{Box 2.13333 2.21091 42.9346}
	{Bone "piece03"}
	{Matrix34
		0	1	0
		-1	0	0
		0	0	1
		125.521	-0.0433691	-0.302999
	}
}
{Volume "piece04"
	{Box 2.13333 2.21091 27.8918}
	{Bone "piece04"}
	{Matrix34
		0	-1	0
		1	0	0
		0	0	1
		106.852	-0.143454	-2.70235
	}
}
{Volume "piece05"
	{Box 2.13333 2.21091 27.8918}
	{Bone "piece05"}
	{Matrix34
		0	1	0
		-1	0	0
		0	0	1
		107.773	0.00570278	10.5667
	}
}
{Volume "piece06"
	{Box 2.13333 2.21091 31.3391}
	{Bone "piece06"}
	{Matrix34
		0	1	0
		-1	0	0
		0	0	1
		142.035	-0.145098	12.4518
	}
}
{Volume "piece07"
	{Box 19.8604 26.1577 3.63301}
	{Bone "piece07"}
	{Matrix34
		0	0.0241807	0.999708
		-1	0	0
		0	-0.999708	0.0241807
		1.00534	0.903722	0.80929
	}
}
{Volume "piece08"
	{Box 18.6494 45.13 3.31008}
	{Bone "piece08"}
	{Matrix34
		0	0.0105927	-0.999944
		1	0	0
		0	-0.999944	-0.0105927
		-0.852719	-0.263421	-2.32672
	}
}
{Volume "piece09"
	{Box 19.5375 23.1705 3.22934}
	{Bone "piece09"}
	{Matrix34
		0	-0.0143115	0.999898
		-1	0	0
		0	-0.999898	-0.0143115
		-0.682488	0.811733	1.68693
	}
}
{Volume "piece10"
	{Polyhedron "piece10.vol"}
	{Bone "piece10"}
	{Matrix34
		0	0	-1
		-1	0	0
		0	1	0
		3.88775	-1.66493	-16.0643
	}
}
{Volume "piece11"
	{Box 2.13333 2.21091 42.9346}
	{Bone "piece11"}
	{Matrix34
		0	1	0
		-1	0	0
		0	0	1
		125.51	0.156901	-0.373276
	}
}
{Volume "piece12"
	{Box 18.6494 45.13 3.31008}
	{Bone "piece12"}
	{Matrix34
		0	0.0105927	-0.999944
		1	0	0
		0	-0.999944	-0.0105927
		-0.852718	-0.263418	-2.32672
	}
}
{Volume "piece13"
	{Box 19.5375 23.1705 3.22934}
	{Bone "piece13"}
	{Matrix34
		0	-0.0143115	0.999898
		-1	0	0
		0	-0.999898	-0.0143115
		-0.682487	0.811733	1.68693
	}
}
{Volume "piece14"
	{Box 19.8604 26.1577 3.63301}
	{Bone "piece14"}
	{Matrix34
		0	0.0241807	0.999708
		-1	0	0
		0	-0.999708	0.0241807
		1.00535	0.903724	0.80929
	}
}
