;Exported by: Loskutov_K
;Date:        Wed Mar 31 18:32:24 2010
;File:        D:\_Vietnam\Art\Models\Houses\X\House_middle_2_x\House_middle_2_x.max
{Skeleton
	{bone "roofhold1_hm2_x"
		{Orientation
			1	0	0
			0	-1	0
			0	0	1
		}
		{bone "piece03"
			{Matrix34
				0	1	0
				0.707107	0	-0.707107
				-0.707107	0	-0.707107
				-16.7577	27.1787	22.5812
			}
			{VolumeView "piece03.ply"}
		}
		{bone "piece02"
			{Matrix34
				0	1	0
				0.707107	0	-0.707107
				-0.707107	0	-0.707107
				-9.81489	4.5668	29.3598
			}
			{VolumeView "piece02.ply"}
		}
		{bone "piece01"
			{Matrix34
				0	-1	0
				-0.707107	0	-0.707107
				0.707107	0	-0.707107
				13.5087	10.1395	26.8004
			}
			{VolumeView "piece01.ply"}
		}
	}
}
{Volume "piece01"
	{Box 23.9956 20.1563 2.22999}
	{Bone "piece01"}
	{Matrix34
		-1	0	0
		0	0.00778157	-0.99997
		0	-0.99997	-0.00778157
		-0.033149	0.373405	-1.40973
	}
}
{Volume "piece02"
	{Box 23.9956 20.1563 2.22999}
	{Bone "piece02"}
	{Matrix34
		-1	0	0
		0	0.00778157	-0.99997
		0	-0.99997	-0.00778157
		-0.535408	0.0852421	0.777997
	}
}
{Volume "piece03"
	{Box 23.9956 20.1563 2.22999}
	{Bone "piece03"}
	{Matrix34
		-1	0	0
		0	0.00778157	-0.99997
		0	-0.99997	-0.00778157
		-1.02441	0.502984	-0.808104
	}
}
