;Exported by: Normand
;Date:        Fri Apr 19 12:23:18 2013
;File:        C:\Users\Normand\puma.max
{Skeleton
	{animation
		{sequence "stop" {speed 0.3}}
		{sequence "start" {speed 0.3}}
		{sequence "fire" {speed 0.5}}
		{sequence "hit" {speed 0.5}}
		{sequence "open" {speed 0.25} {resume}}
		{sequence "close" {resume}}
		{sequence "open_driver" {speed 0.25}}
		{sequence "close_driver" {resume}}
		{sequence "open_commander" {speed 0.25}}
		{sequence "close_commander" {resume}}
	}
	{bone "basis"
		{parameters "SteerMax=30;WheelRadius=0.5;"}
		{Orientation
			1	0	0
			0	-1	0
			0	0	1
		}
		{bone "body"
			{parameters "ID=body;"}
			{animation
				{sequence "repair" {file "body_r.anm"}}
			}
			{Position 0.144704	0.0332129	22.8364}
			{VolumeView "body.ply"}
			{bone revolute "turret"
				{parameters "ID=turret;"}
				{animation
					{sequence "repair" {file "turret_r.anm"}}
				}
				{Position 12.1942	0	15.9385}
				{VolumeView "turret.ply"}
				{bone revolute "gun_rot"
					{parameters "ID=gun;"}
					{limits -10 20}
					{Matrix34
						1	0	0
						0	0	1
						0	-1	0
						17.7555	0	4.6103
					}
					{VolumeView "gun_rot.ply"}
					{bone "gun"
						{parameters "ID=gun;"}
						{animation
							{sequence "repair" {file "gun_r.anm"}}
						}
						{Matrix34
							1	0	0
							0	0	-1
							0	1	0
							14.425	-0.159904	0
						}
						{VolumeView "gun.ply"}
						{bone "foresight1"
							{Matrix34
								1	0	0
								0	0	1
								0	-1	0
								32.8552	-0.0472216	-0.179314
							}
						}
						{bone "visor"
							{Matrix34
								1	0	0
								0	0	1
								0	-1	0
								12.4586	-0.0472195	4.21589
							}
						}
					}
					{bone "mgun"
						{Position 0	0	0}
						{VolumeView "mgun.ply"}
						{bone "foresight3"
							{Position 4.89795	0.6026	4.98708}
						}
					}
				}
				{bone "anten"
					{parameters "ID=turret;"}
					{Position -12.1018	0	11.9642}
					{VolumeView "anten.ply"}
				}
				{bone "smokegunl"
					{parameters "ID=turret;"}
					{VolumeView "smokegunl.ply"}
					{bone "smoke_launcher_left"
						{Matrix34
							0.886751	0.302129	0.349844
							-0.232682	0.945704	-0.226942
							-0.399415	0.119839	0.908904
							14.5671	12.9568	9.44641
						}
					}
				}
				{bone "smokegunr"
					{parameters "ID=turret;"}
					{VolumeView "smokegunr.ply"}
					{bone "smoke_launcher_right"
						{Matrix34
							0.880597	-0.296759	0.369436
							0.249918	0.953228	0.169995
							-0.402604	-0.0573681	0.913575
							14.5752	-12.9786	9.46193
						}
					}
				}
				{bone "enumerator"
					{parameters "ID=enumerator;"}
					{Matrix34
						0.928134	0.371726	0.0196468
						-0.120884	0.251067	0.960392
						0.35207	-0.893748	0.27796
						-6.54577	12.2566	6.65992
					}
					{VolumeView "enumerator.ply"}
				}
				{bone "door_gunner"
					{parameters "ID=turret;"}
					{Matrix34
						0.843391	0.5373	0
						0.00468876	-0.00735988	0.999962
						0.537279	-0.843359	-0.00872653
						-4.63488	-7.93572	9.99608
					}
					{VolumeView "door_gunner.ply"}
				}
				{bone "door_commander"
					{parameters "ID=turret;"}
					{Matrix34
						0.843391	-0.5373	0
						-0.00468876	-0.00735988	0.999962
						-0.537279	-0.843359	-0.00872653
						-4.08965	8.30435	9.99724
					}
					{VolumeView "door_commander.ply"}
				}
			}
			{bone "engine"
				{parameters "ID=engine;"}
				{animation
					{sequence "repair" {file "engine_r.anm"}}
				}
				{VolumeView "engine.ply"}
				{bone "engine_cover"
					{Matrix34
						-0.0523359	0	0.99863
						0	1	0
						-0.99863	0	-0.0523359
						-38.0993	3.68547	10.1835
					}
					{VolumeView "engine_cover.ply"}
				}
				{bone "fxfire1"
					{Matrix34
						1	0	0
						0	0	1
						0	-1	0
						-34.9111	-0.0472189	6.31927
					}
				}
				{bone "engine_door"
					{parameters "ID=engine;"}
					{Matrix34
						1	0	0
						0	0	1
						0	-1	0
						-58.2009	0	1.25659
					}
					{VolumeView "engine_door.ply"}
				}
			}
			{bone "detail2"
				{VolumeView "detail2.ply"}
			}
			{bone "fxsmoke2"
				{Matrix34
					-0.231294	0.962033	-0.144897
					-0.968308	-0.242066	-0.0615068
					-0.0942462	0.126079	0.987533
					-57.038	22.1818	1.33298
				}
			}
			{bone "fxsmoke1"
				{Matrix34
					-0.205236	-0.968815	-0.138834
					0.97796	-0.208564	0.00970822
					-0.0383613	-0.133782	0.990268
					-57.0424	-22.2112	1.3302
				}
			}
			{bone "fxfire1"
				{Matrix34
					1	0	0
					0	0	1
					0	-1	0
					13.5931	-0.0472187	3.80773
				}
			}
			{bone "fxfire3"
				{Matrix34
					1	0	0
					0	0	1
					0	-1	0
					40.2783	-0.0472187	2.8659
				}
			}
			{bone "headlightl"
				{Position 54.3429	18.4524	0.0592957}
			}
			{bone "headlightr"
				{Position 54.3429	-18.4515	0.0592957}
			}
			{bone "fxlight"
				{Position 62.5939	-0.0723689	1.07685}
			}
			{bone "visor2"
				{Matrix34
					1	0	0
					0	0	1
					0	-1	0
					48.6611	-7.83503	9.69247
				}
			}
			{bone "door_driver"
				{parameters "ID=body;"}
				{Matrix34
					1	0	0
					0	-0.00872653	0.999962
					0	-0.999962	-0.00872653
					49.2228	-4.58158	6.26842
				}
				{VolumeView "door_driver.ply"}
			}
			{bone "buffer"
				{parameters "ID=body;"}
				{Position 0.289989	-0.176507	-4.63395}
				{VolumeView "buffer.ply"}
			}
			{bone "body_lside"
				{parameters "ID=body;"}
				{Position 12.0531	18.5359	6.17775}
				{VolumeView "body_lside.ply"}
				{bone "canl1"
					{Matrix34
						0.00955282	0.999898	-0.0105922
						-0.704026	-0.000796961	-0.710174
						-0.71011	0.0142414	0.703947
						37.5567	0.0745087	-7.19541
					}
				}
				{bone "canl2"
					{Matrix34
						0.0399349	0.999109	-0.013658
						-0.255357	-0.00301014	-0.966842
						-0.966022	0.0420984	0.255009
						26.9656	0.80484	-0.0527725
					}
				}
			}
			{bone "body_rside"
				{parameters "ID=body;"}
				{Position 12.0531	-18.7272	6.17775}
				{VolumeView "body_rside.ply"}
				{bone "canr2"
					{Matrix34
						0.0399349	0.999109	-0.013658
						-0.255357	-0.00301011	-0.966842
						-0.966022	0.0420984	0.255009
						26.9656	-0.75161	-0.0527725
					}
				}
				{bone "canr1"
					{Matrix34
						0.00955283	0.999898	-0.0105922
						-0.704026	-0.000796962	-0.710174
						-0.71011	0.0142414	0.703947
						37.5567	0.0533981	-7.19541
					}
				}
			}
			{bone "bodyinside"
				{parameters "ID=body;"}
				{Matrix34
					1	0	0
					0	0	1
					0	-1	0
					23.6782	17.0976	2.47776
				}
				{VolumeView "bodyinside.ply"}
			}
			{bone "driver"
				{Matrix34
					0.921185	-0.00904182	0.389019
					-0.0038845	0.999467	0.0324286
					-0.389104	-0.0313839	0.920659
					42.6993	-2.10566	-12.31509
				}
			}
		}
		{bone "pivot_front"
			{Position 38.4184	-0.176426	11.3508}
			{bone "suspl1"
				{Position -38.2737	17.3134	-0.151291}
				{VolumeView "suspl1.ply"}
				{bone revolute "steerl"
					{Matrix34
						-1	0	0
						0	1	0
						0	0	1
						38.2107	1.40865	0.240428
					}
					{bone "fxtracel1"
						{Matrix34
							1	0	0
							0	-1	0
							0	0	1
							-0.102283	0.836617	-11.2962
						}
					}
					{bone revolute "wheell1"
						{parameters "ID=wheelleft1;"}
						{Matrix34
							1	0	0
							0	0	1
							0	1	0
							0.217922	-3.33532	-0.0700588
						}
						{VolumeView "wheell1.ply"}
					}
				}
			}
			{bone "suspr1"
				{Position -38.2737	-16.5621	-0.151291}
				{VolumeView "suspr1.ply"}
				{bone revolute "steerr"
					{Matrix34
						-1	0	0
						0	1	0
						0	0	1
						38.211	-1.68911	0.240428
					}
					{bone "fxtracer1"
						{Matrix34
							1	0	0
							0	-1	0
							0	0	1
							-0.0355911	-0.850077	-11.2793
						}
					}
					{bone revolute "wheelr1"
						{parameters "ID=wheelright1;"}
						{Matrix34
							1	0	0
							0	0	1
							0	1	0
							0.218258	3.24561	-0.0700579
						}
						{VolumeView "wheelr1.ply"}
					}
				}
			}
			{bone "suspr2"
				{Position -38.2737	-16.562	-0.151291}
				{VolumeView "suspr2.ply"}
				{bone revolute "steerr01"
					{Matrix34
						-1	0	0
						0	1	0
						0	0	1
						12.0064	-1.6892	0.240428
					}
					{bone revolute "wheelr2"
						{parameters "ID=wheelright2;"}
						{Matrix34
							1	0	0
							0	0	1
							0	1	0
							-0.00537586	3.24561	-0.0700579
						}
						{VolumeView "wheelr1.ply"}
					}
				}
			}
			{bone "suspl2"
				{Position -38.2737	17.3134	-0.151291}
				{VolumeView "suspl2.ply"}
				{bone revolute "steerl01"
					{Matrix34
						-1	0	0
						0	1	0
						0	0	1
						12.006	1.40865	0.240428
					}
					{bone revolute "wheell2"
						{parameters "ID=wheelleft2;"}
						{Matrix34
							1	0	0
							0	0	1
							0	1	0
							-0.00571346	-3.33532	-0.0700607
						}
						{VolumeView "wheell1.ply"}
					}
				}
			}
		}
		{bone "pivot_back"
			{Position -28.6634	0.0619779	11.3508}
			{bone "suspl3"
				{Position 28.8081	17.075	-0.15129}
				{VolumeView "suspl3.ply"}
			}
			{bone "suspl4"
				{Position 28.8081	17.075	-0.15129}
				{VolumeView "suspl4.ply"}
			}
			{bone "suspr3"
				{Position 28.8081	-16.8004	-0.15129}
				{VolumeView "suspr3.ply"}
			}
			{bone "suspr4"
				{Position 28.8081	-16.8004	-0.15129}
				{VolumeView "suspr4.ply"}
			}
			{bone revolute "steerl02"
				{limits -5 5}
				{Position 13.1735	18.4836	0.089138}
				{bone revolute "wheell3"
					{parameters "ID=wheelleft3;"}
					{Matrix34
						-1	0	0
						0	0	1
						0	1	0
						0.118885	-3.33532	-0.0700617
					}
					{VolumeView "wheell1.ply"}
				}
			}
			{bone revolute "steerr02"
				{limits -5 5}
				{Position 13.1732	-18.4897	0.089138}
				{bone revolute "wheelr3"
					{parameters "ID=wheelright3;"}
					{Matrix34
						-1	0	0
						0	0	1
						0	1	0
						0.119221	3.24561	-0.0700598
					}
					{VolumeView "wheelr1.ply"}
				}
			}
			{bone revolute "steerl03"
				{limits -20 20}
				{Position -12.5337	18.4836	0.089138}
				{bone "fxtracel2"
					{Matrix34
						-1	0	0
						0	-1	0
						0	0	1
						0.0709686	0.837603	-11.2956
					}
				}
				{bone revolute "wheell4"
					{parameters "ID=wheelleft4;"}
					{Matrix34
						-1	0	0
						0	0	1
						0	1	0
						-0.0869446	-3.33532	-0.0700617
					}
					{VolumeView "wheell1.ply"}
				}
			}
			{bone revolute "steerr03"
				{limits -20 20}
				{Position -12.534	-18.4897	0.089138}
				{bone "fxtracer2"
					{Matrix34
						-1	0	0
						0	-1	0
						0	0	1
						0.0186768	-0.849762	-11.2789
					}
				}
				{bone revolute "wheelr4"
					{parameters "ID=wheelright4;"}
					{Matrix34
						-1	0	0
						0	0	1
						0	1	0
						-0.0866089	3.24561	-0.0700598
					}
					{VolumeView "wheelr1.ply"}
				}
			}
		}
		{bone "emit2"
			{Matrix34
				0	-1	0
				1	0	0
				0	0	1
				30.4317	32.6329	0
			}
		}
		{bone "emit3"
			{Matrix34
				0.00872656	0.999962	0
				-0.999962	0.00872656	0
				0	0	1
				32.0718	-31.2652	0
			}
		}
		{bone "emit1"
			{Matrix34
				-0.707107	0.707107	0
				-0.707107	-0.707107	0
				0	0	1
				67.7734	-5.93114	0
			}
		}
	}
}
{Volume "body2"
	{Polyhedron "body2.vol"}
	{Bone "body"}
	{Matrix34
		1	0	0
		0	0	1
		0	-1	0
		-4.16538	14.5851	-4.80772
	}
}
{Volume "body"
	{Polyhedron "body.vol"}
	{Bone "body"}
	{Matrix34
		1	0	0
		0	0	1
		0	-1	0
		-0.638269	23.2722	0.757198
	}
}
{Volume "engine"
	{Polyhedron "engine.vol"}
	{Bone "engine"}
	{Position -34.2441	-0.0980939	2.65946}
}
{Volume "gun"
	{Polyhedron "gun.vol"}
	{Bone "gun"}
	{Matrix34
		0	1	0
		0	0	1
		1	0	0
		3.59858	0.0284651	-0.0634155
	}
}
{Volume "ram"
	{Polyhedron "ram.vol"}
	{Bone "body"}
	{Matrix34
		1	0	0
		0	0	1
		0	-1	0
		-0.638269	23.2722	0.757198
	}
}
{Volume "turret"
	{Polyhedron "turret.vol"}
	{Bone "turret"}
	{Position -0.458059	-0.193127	-0.20211}
}
{Volume "wheelleft1"
	{Cylinder 11.9 6}
	{Bone "wheell1"}
	{Matrix34
		-1	0	0
		0	1	0
		0	0	-1
		-0.00720215	0.0287543	4.47505
	}
}
{Volume "wheelleft2"
	{Cylinder 11.9 6}
	{Bone "wheell2"}
	{Matrix34
		-1	0	0
		0	1	0
		0	0	-1
		-0.00720215	0.0287543	4.47505
	}
}
{Volume "wheelleft3"
	{Cylinder 11.9 6}
	{Bone "wheell3"}
	{Matrix34
		-1	0	0
		0	1	0
		0	0	-1
		-0.00720215	0.0287543	4.47505
	}
}
{Volume "wheelleft4"
	{Cylinder 11.9 6}
	{Bone "wheell4"}
	{Matrix34
		-1	0	0
		0	1	0
		0	0	-1
		-0.00720215	0.0287543	4.47505
	}
}
{Volume "wheelright1"
	{Cylinder 11.9 6}
	{Bone "wheelr1"}
	{Matrix34
		-1	0	0
		0	1	0
		0	0	-1
		0.0106735	-0.0714083	-4.5544
	}
}
{Volume "wheelright2"
	{Cylinder 11.9 6}
	{Bone "wheelr2"}
	{Matrix34
		-1	0	0
		0	1	0
		0	0	-1
		0.0106735	-0.0714083	-4.5544
	}
}
{Volume "wheelright3"
	{Cylinder 11.9 6}
	{Bone "wheelr3"}
	{Matrix34
		-1	0	0
		0	1	0
		0	0	-1
		0.0106735	-0.0714083	-4.5544
	}
}
{Volume "wheelright4"
	{Cylinder 11.9 6}
	{Bone "wheelr4"}
	{Matrix34
		-1	0	0
		0	1	0
		0	0	-1
		0.0106735	-0.0714083	-4.5544
	}
}