;Exported by: loskutov_k
;Date:        Wed May 12 11:12:46 2010
;File:        D:\_Vietnam\Art\Models\Houses\X\House_big_2_x\House_big_2_x.max
{Skeleton
	{bone "roofhold6_hb2_x"
		{Orientation
			1	0	0
			0	-1	0
			0	0	1
		}
		{bone "piece01"
			{Matrix34
				1	0	0
				0	-0.674169	-0.738577
				0	0.738577	-0.674169
				20.1363	3.55886	42.7958
			}
			{VolumeView "piece01.ply"}
		}
		{bone "piece03"
			{Matrix34
				1	0	0
				0	-0.674169	-0.738577
				0	0.738577	-0.674169
				-8.17595	18.7164	29.7141
			}
			{VolumeView "piece03.ply"}
		}
		{bone "piece02"
			{Matrix34
				-1	0	0
				0	0.681431	-0.731882
				0	-0.731882	-0.681431
				18.8189	-13.2413	41.8422
			}
			{VolumeView "piece02.ply"}
		}
		{bone "piece04"
			{Matrix34
				-1	0	0
				0	0.681431	-0.731882
				0	-0.731882	-0.681431
				-9.49336	-19.0055	36.395
			}
			{VolumeView "piece04.ply"}
		}
	}
}
{Volume "piece01"
	{Box 21.2803 23.6515 2.23877}
	{Bone "piece01"}
	{Matrix34
		-1	0	0
		0	-0.00120053	-0.999999
		0	-0.999999	0.00120053
		0.608677	0.111896	0.474519
	}
}
{Volume "piece02"
	{Box 21.2803 23.6515 2.23877}
	{Bone "piece02"}
	{Matrix34
		-1	0	0
		0	-0.00120053	-0.999999
		0	-0.999999	0.00120053
		0.359583	0.102809	0.621629
	}
}
{Volume "piece03"
	{Box 21.2803 23.6515 2.23877}
	{Bone "piece03"}
	{Matrix34
		-1	0	0
		0	-0.00120053	-0.999999
		0	-0.999999	0.00120053
		0.608677	0.111888	0.474519
	}
}
{Volume "piece04"
	{Box 21.2803 23.6515 2.23877}
	{Bone "piece04"}
	{Matrix34
		-1	0	0
		0	-0.00120053	-0.999999
		0	-0.999999	0.00120053
		0.359582	0.102809	0.621621
	}
}
