;Exported by: Loskutov_K
;Date:        Wed Apr 21 13:39:48 2010
;File:        D:\_Vietnam\Art\Models\Houses\X\Saray_3_x\saray_3_x.max
{Skeleton
	{bone "base6_s3_x"
		{Orientation
			1	0	0
			0	-1	0
			0	0	1
		}
		{bone "piece03"
			{Matrix34
				0	0	-1
				0	1	0
				1	0	0
				-5.72451	-17.0452	-21.2806
			}
			{VolumeView "piece03.ply"}
		}
		{bone "piece06"
			{Matrix34
				0.392986	0	0.919544
				-0.919544	0	0.392986
				0	-1	0
				-20.5972	-62.085	-3.2862
			}
			{VolumeView "piece06.ply"}
		}
		{bone "piece02"
			{Matrix34
				1	0	0
				0	-1	0
				0	0	-1
				-23.8715	-18.3809	9.16103
			}
			{VolumeView "piece02.ply"}
		}
		{bone "piece01"
			{Matrix34
				0.392986	0	0.919544
				-0.919544	0	0.392986
				0	-1	0
				-23.251	-10.497	22.3123
			}
			{VolumeView "piece01.ply"}
		}
		{bone "piece05"
			{Position -23.8656	-17.0584	-9.22295}
			{VolumeView "piece05.ply"}
		}
		{bone "piece04"
			{Position -5.62753	-19.3807	-12.0824}
			{VolumeView "piece04.ply"}
		}
	}
}
{Volume "piece01"
	{Polyhedron "piece01.vol"}
	{Bone "piece01"}
	{Matrix34
		0	0	1
		0.919544	0.392986	0
		-0.392986	0.919544	0
		-7.19793	-3.72718	-4.7779
	}
}
{Volume "piece02"
	{Box 18.2505 2.39777 2.12757}
	{Bone "piece02"}
	{Matrix34
		0	0	-1
		1	0	0
		0	-1	0
		0.117142	-0.545205	-1.14055
	}
}
{Volume "piece03"
	{Box 28.2159 2.39777 2.12757}
	{Bone "piece03"}
	{Matrix34
		0	0	1
		-1	0	0
		0	-1	0
		-3.09023	0.252913	-2.5546
	}
}
{Volume "piece04"
	{Box 34.8344 17.1269 2.04652}
	{Bone "piece04"}
	{Matrix34
		1	0	0
		0	0	1
		0	-1	0
		1.59124	0.660755	-0.341131
	}
}
{Volume "piece05"
	{Box 22.2567 2.39777 2.12757}
	{Bone "piece05"}
	{Matrix34
		0	0	-1
		1	0	0
		0	-1	0
		-0.00337224	-0.247148	-1.53891
	}
}
{Volume "piece06"
	{Box 13.265 17.1269 1.30896}
	{Bone "piece06"}
	{Matrix34
		0	0	-1
		0.919544	0.392986	0
		0.392986	-0.919544	0
		-8.86916	0.668732	-62.5255
	}
}
