;Exported by: Loskutov_K
;Date:        Wed Mar 31 13:39:24 2010
;File:        D:\_Vietnam\Art\Models\Houses\X\House_middle_1_x\House_middle_1_x.max
{Skeleton
	{bone "roofhold4_hm1_x"
		{Orientation
			1	0	0
			0	-1	0
			0	0	1
		}
		{bone "piece03"
			{Matrix34
				0	-1	0
				-0.812016	0	-0.583635
				0.583635	0	-0.812016
				19.1647	-23.1693	-4.82405
			}
			{VolumeView "piece03.ply"}
		}
		{bone "piece02"
			{Matrix34
				1	0	0
				0	-0.707107	-0.707107
				0	0.707107	-0.707107
				-6.0808	-8.15055	7.99333
			}
			{VolumeView "piece02.ply"}
		}
		{bone "piece01"
			{Matrix34
				-1	0	0
				0	-0.707107	-0.707107
				0	-0.707107	0.707107
				-3.24874	8.84194	-8.30318
			}
			{VolumeView "piece01.ply"}
		}
	}
}
{Volume "piece01"
	{Box 45.3427 27.9446 2.31305}
	{Bone "piece01"}
	{Matrix34
		-1	0	0
		0	0.0162615	-0.999868
		0	-0.999868	-0.0162615
		0.264117	0.193456	-2.05078
	}
}
{Volume "piece02"
	{Box 25.8453 27.9446 2.31305}
	{Bone "piece02"}
	{Matrix34
		1	0	0
		0	-0.0151806	0.999885
		0	-0.999885	-0.0151806
		-0.74189	0.507674	-1.95755
	}
}
{Volume "piece03"
	{Box 42.5807 27.9446 2.31305}
	{Bone "piece03"}
	{Matrix34
		-1	0	0
		0	6.54714e-005	-1
		0	-1	-6.54714e-005
		-0.244346	0.491042	-1.66764
	}
}
