;Exported by: Normand
;Date:        Wed May 08 23:08:52 2013
;File:        C:\Users\Normand\sdkfz234_3.max
{Skeleton
	{animation
		{sequence "stop" {speed 0.3}}
		{sequence "start" {speed 0.3}}
		{sequence "fire" {speed 0.5}}
		{sequence "hit" {speed 0.5}}
		{sequence "open_driver" {speed 0.5}}
		{sequence "close_driver" {speed 0.5}}
	}
	{bone "basis"
		{parameters "SteerMax=30;WheelRadius=0.55;"}
		{Orientation
			1	0	0
			0	-1	0
			0	0	1
		}
		{bone "body"
			{parameters "ID=body;"}
			{animation
				{sequence "repair" {file "body_r.anm"}}
			}
			{Position 0.144704	0.0332129	22.8364}
			{VolumeView "body.ply"}
			{bone "engine"
				{parameters "ID=engine;"}
				{animation
					{sequence "repair" {file "engine_r.anm"}}
				}
				{VolumeView "engine.ply"}
				{bone "engine_cover"
					{Matrix34
						-0.0523359	0	0.99863
						0	1	0
						-0.99863	0	-0.0523359
						-38.0993	3.68547	10.1835
					}
					{VolumeView "engine_cover.ply"}
				}
				{bone "fxfire1"
					{Matrix34
						1	0	0
						0	0	1
						0	-1	0
						-34.9111	-0.0472189	6.31927
					}
				}
			}
			{bone "detail2"
				{VolumeView "detail2.ply"}
			}
			{bone "fxsmoke2"
				{Matrix34
					-0.231294	0.962033	-0.144897
					-0.968308	-0.242066	-0.0615068
					-0.0942462	0.126079	0.987533
					-57.038	22.1818	1.33298
				}
			}
			{bone "fxsmoke1"
				{Matrix34
					-0.205236	-0.968815	-0.138834
					0.97796	-0.208564	0.00970822
					-0.0383613	-0.133782	0.990268
					-57.0424	-22.2112	1.3302
				}
			}
			{bone "fxfire1"
				{Matrix34
					1	0	0
					0	0	1
					0	-1	0
					13.5931	-0.0472187	3.80773
				}
			}
			{bone "fxfire3"
				{Matrix34
					1	0	0
					0	0	1
					0	-1	0
					40.2783	-0.0472187	2.8659
				}
			}
			{bone "headlightl"
				{Position 54.3429	18.4524	0.0592957}
			}
			{bone "headlightr"
				{Position 54.3429	-18.4515	0.0592957}
			}
			{bone "fxlight"
				{Position 62.5939	-0.0723689	1.07685}
			}
			{bone "visor2"
				{Matrix34
					1	0	0
					0	0	1
					0	-1	0
					48.6611	-7.83503	9.69247
				}
			}
			{bone "door_driver"
				{parameters "ID=body;"}
				{Matrix34
					1	0	0
					0	-0.00872653	0.999962
					0	-0.999962	-0.00872653
					49.2228	-4.58158	6.26842
				}
				{VolumeView "door_driver.ply"}
			}
			{bone "buffer"
				{parameters "ID=body;"}
				{Position 0.289989	-0.176507	-4.63395}
				{VolumeView "buffer.ply"}
			}
			{bone "body_lside"
				{parameters "ID=body;"}
				{Position 12.0531	18.5359	6.17775}
				{VolumeView "body_lside.ply"}
				{bone "canl1"
					{Matrix34
						0.00955282	0.999898	-0.0105922
						-0.704026	-0.000796961	-0.710174
						-0.71011	0.0142414	0.703947
						37.5567	0.0745087	-7.19541
					}
				}
				{bone "canl2"
					{Matrix34
						0.0399349	0.999109	-0.013658
						-0.255357	-0.00301014	-0.966842
						-0.966022	0.0420984	0.255009
						26.9656	0.80484	-0.0527725
					}
				}
			}
			{bone "body_rside"
				{parameters "ID=body;"}
				{Position 12.0531	-18.7272	6.17775}
				{VolumeView "body_rside.ply"}
				{bone "canr2"
					{Matrix34
						0.0399349	0.999109	-0.013658
						-0.255357	-0.00301011	-0.966842
						-0.966022	0.0420984	0.255009
						26.9656	-0.75161	-0.0527725
					}
				}
				{bone "canr1"
					{Matrix34
						0.00955283	0.999898	-0.0105922
						-0.704026	-0.000796962	-0.710174
						-0.71011	0.0142414	0.703947
						37.5567	0.0533981	-7.19541
					}
				}
			}
			{bone revolute "turret"
				{parameters "ID=turret;"}
				{limits -10 10}
				{Position 23.4927	-0.0288456	8.48373}
				{VolumeView "turret.ply"}
				{bone revolute "gun_rot"
					{parameters "ID=gun;"}
					{limits 0 12}
					{Matrix34
						1	0	0
						0	0.00376744	0.999993
						0	-0.999993	0.00376744
						3.63641	0.064362	9.90773
					}
					{VolumeView "gun_rot.ply"}
					{bone "gun"
						{parameters "ID=gun;"}
						{Matrix34
							-0.00194321	-0.999952	0.00962925
							0.0129804	-0.00965368	-0.999869
							0.999914	-0.00181797	0.0129985
							1.82653	1.64047	0.0262471
						}
						{VolumeView "gun.ply"}
						{bone "foresight1"
							{Matrix34
								0.00547804	0.00815884	0.999952
								-0.999898	-0.0131304	0.00558488
								0.0131753	-0.999881	0.00808609
								1.58385	0.389014	23.4777
							}
						}
					}
				}
				{bone "gunner"
					{Matrix34
						1	0	0
						0	1	0
						0	0	1
						-10.0627	8.97207	-16.50323
					}
				}
				{bone "visor"
					{Matrix34
						1	0	0
						0	0	1
						0	-1	0
						19.7838	-0.136957	12.3122
					}
				}
				{bone revolute "mgun_turret"
					{limits -20 30}
					{Position -2.37821	-6.25452	10.69041}
					{bone revolute "mgun"
						{limits -5 15}
						{Matrix34
							1	0	0
							0	0	1
							0	-1	0
							0.187599	0.501233	1.22439
						}
					}
					{bone "foresight3"
						{Position 26.3498	-0.0307341	-41.0106}
					}
				}
			}
			{bone "body2"
				{parameters "ID=body;"}
				{Position 13.8775	0.0199697	14.7784}
				{VolumeView "body2.ply"}
			}
			{bone "commander"
				{Matrix34
					1	0	0
					0	1	0
					0	0	1
					10.7829	-8.84517	-3.79516
				}
			}
			{bone "detail3"
				{parameters "ID=body;"}
				{Matrix34
					0	1	0
					-0.469472	0	0.882948
					0.882948	0	0.469472
					-57.4196	-0.0189056	-2.12529
				}
				{VolumeView "detail3.ply"}
			}
			{bone "bodyinside"
				{parameters "ID=body;"}
				{Matrix34
					1	0	0
					0	0	1
					0	-1	0
					23.6782	17.0976	2.47776
				}
				{VolumeView "bodyinside.ply"}
			}
			{bone "driver"
				{Matrix34
					0.921185	-0.00904182	0.389019
					-0.0038845	0.999467	0.0324286
					-0.389104	-0.0313839	0.920659
					42.6993	-2.10566	-12.31509
				}
			}
			{bone "enumerator"
				{parameters "ID=enumerator;"}
				{Matrix34
					0.987967	0.153414	0.0196468
					-0.0613082	0.271825	0.960392
					0.141997	-0.95004	0.27796
					3.95539	16.4705	13.8406
				}
				{VolumeView "enumerator.ply"}
			}
		}
		{bone "pivot_front"
			{Position 38.4184	-0.176426	11.3508}
			{bone "suspl1"
				{Position -38.2737	17.3134	-0.151291}
				{VolumeView "suspl1.ply"}
				{bone revolute "steerl"
					{Matrix34
						-1	0	0
						0	1	0
						0	0	1
						38.2107	1.40865	0.240428
					}
					{bone "fxtracel1"
						{Matrix34
							1	0	0
							0	-1	0
							0	0	1
							-0.102283	0.836617	-11.2962
						}
					}
					{bone revolute "wheell1"
						{parameters "ID=wheelleft1;"}
						{Matrix34
							1	0	0
							0	0.0348993	0.999391
							0	0.999391	-0.0348993
							0.217922	-3.33093	0.077054
						}
						{VolumeView "wheell1.ply"}
					}
				}
			}
			{bone "suspr1"
				{Position -38.2737	-16.5621	-0.151291}
				{VolumeView "suspr1.ply"}
				{bone revolute "steerr"
					{Matrix34
						-1	0	0
						0	1	0
						0	0	1
						38.211	-1.68911	0.240428
					}
					{bone "fxtracer1"
						{Matrix34
							1	0	0
							0	-1	0
							0	0	1
							-0.0355911	-0.850077	-11.2793
						}
					}
					{bone revolute "wheelr1"
						{parameters "ID=wheelright1;"}
						{Matrix34
							1	0	0
							0	-0.0348996	0.999391
							0	0.999391	0.0348996
							0.218258	3.24121	0.0776186
						}
						{VolumeView "wheelr1.ply"}
					}
				}
			}
			{bone "suspr2"
				{Position -38.2737	-16.562	-0.151291}
				{VolumeView "suspr2.ply"}
				{bone revolute "steerr01"
					{Matrix34
						-1	0	0
						0	1	0
						0	0	1
						12.0064	-1.6892	0.240428
					}
					{bone revolute "wheelr2"
						{parameters "ID=wheelright2;"}
						{Matrix34
							1	0	0
							0	-0.0348996	0.999391
							0	0.999391	0.0348996
							-0.00537586	3.24121	0.0776186
						}
						{VolumeView "wheelr2.ply"}
					}
				}
			}
			{bone "suspl2"
				{Position -38.2737	17.3134	-0.151291}
				{VolumeView "suspl2.ply"}
				{bone revolute "steerl01"
					{Matrix34
						-1	0	0
						0	1	0
						0	0	1
						12.006	1.40865	0.240428
					}
					{bone revolute "wheell2"
						{parameters "ID=wheelleft2;"}
						{Matrix34
							1	0	0
							0	0.0348986	0.999391
							0	0.999391	-0.0348986
							-0.00571346	-3.33093	0.0770531
						}
						{VolumeView "wheell2.ply"}
					}
				}
			}
		}
		{bone "pivot_back"
			{Position -28.6634	0.0619779	11.3508}
			{bone "suspl3"
				{Position 28.8081	17.075	-0.15129}
				{VolumeView "suspl3.ply"}
			}
			{bone "suspl4"
				{Position 28.8081	17.075	-0.15129}
				{VolumeView "suspl4.ply"}
			}
			{bone "suspr3"
				{Position 28.8081	-16.8004	-0.15129}
				{VolumeView "suspr3.ply"}
			}
			{bone "suspr4"
				{Position 28.8081	-16.8004	-0.15129}
				{VolumeView "suspr4.ply"}
			}
			{bone revolute "steerl02"
				{limits -5 5}
				{Position 13.1735	18.4836	0.089138}
				{bone revolute "wheell3"
					{parameters "ID=wheelleft3;"}
					{Matrix34
						-1	0	0
						0	0.0348993	0.999391
						0	0.999391	-0.0348993
						0.118885	-3.33093	0.0770512
					}
					{VolumeView "wheell3.ply"}
				}
			}
			{bone revolute "steerr02"
				{limits -5 5}
				{Position 13.1732	-18.4897	0.089138}
				{bone revolute "wheelr3"
					{parameters "ID=wheelright3;"}
					{Matrix34
						-1	0	0
						0	-0.0348993	0.999391
						0	0.999391	0.0348993
						0.119221	3.24121	0.0776167
					}
					{VolumeView "wheelr3.ply"}
				}
			}
			{bone revolute "steerl03"
				{limits -20 20}
				{Position -12.5337	18.4836	0.089138}
				{bone "fxtracel2"
					{Matrix34
						-1	0	0
						0	-1	0
						0	0	1
						0.0709686	0.837603	-11.2956
					}
				}
				{bone revolute "wheell4"
					{parameters "ID=wheelleft4;"}
					{Matrix34
						-1	0	0
						0	0.0348993	0.999391
						0	0.999391	-0.0348993
						-0.0869446	-3.33093	0.0770512
					}
					{VolumeView "wheell4.ply"}
				}
			}
			{bone revolute "steerr03"
				{limits -20 20}
				{Position -12.534	-18.4897	0.089138}
				{bone "fxtracer2"
					{Matrix34
						-1	0	0
						0	-1	0
						0	0	1
						0.0186768	-0.849762	-11.2789
					}
				}
				{bone revolute "wheelr4"
					{parameters "ID=wheelright4;"}
					{Matrix34
						-1	0	0
						0	-0.0348993	0.999391
						0	0.999391	0.0348993
						-0.0866089	3.24121	0.0776167
					}
					{VolumeView "wheelr4.ply"}
				}
			}
		}
		{bone "emit2"
			{Matrix34
				0	-1	0
				1	0	0
				0	0	1
				30.4317	32.6329	0
			}
		}
		{bone "emit3"
			{Matrix34
				0.00872656	0.999962	0
				-0.999962	0.00872656	0
				0	0	1
				32.0718	-31.2652	0
			}
		}
		{bone "emit1"
			{Matrix34
				-0.707107	0.707107	0
				-0.707107	-0.707107	0
				0	0	1
				67.7734	-5.93114	0
			}
		}
	}
}
{Volume "body2"
	{Polyhedron "body2.vol"}
	{Bone "body"}
	{Matrix34
		1	0	0
		0	0	1
		0	-1	0
		-4.16538	14.5851	-4.80772
	}
}
{Volume "body"
	{Polyhedron "body.vol"}
	{Bone "body"}
	{Matrix34
		1	0	0
		0	0	1
		0	-1	0
		-0.638269	23.2722	0.757198
	}
}
{Volume "engine"
	{Polyhedron "engine.vol"}
	{Bone "engine"}
	{Position -34.2441	-0.0980939	2.65946}
}
{Volume "gun1"
	{Cylinder 1.28277 4}
	{Bone "gun"}
	{Matrix34
		-0.0133449	0.994761	0.0120632
		-0.994833	-0.013362	0.00132872
		0.00149051	-0.0120443	0.99485
		1.72474	0.199526	19.7208
	}
}
{Volume "gun"
	{Cylinder 1.9 18}
	{Bone "gun"}
	{Matrix34
		-0.0134602	0.99476	0.0120627
		-0.994828	-0.0134235	-0.00310198
		-0.00293872	-0.0121035	0.994846
		1.76197	-0.0720791	8.86205
	}
}
{Volume "mantlet"
	{Box 8.5 6 0.45}
	{Bone "gun_rot"}
	{Matrix34
		0	0.00374831	-0.994917
		0.00272071	0.994913	0.0037483
		0.99492	-0.00272043	-1.03676e-005
		11.3499	0.134821	0.0140569
	}
}
{Volume "wheelleft1"
	{Cylinder 11.9 6}
	{Bone "wheell1"}
	{Matrix34
		-1	0	0
		0	1	0
		0	0	-1
		-0.155396	-0.497253	4.04925
	}
}
{Volume "wheelleft2"
	{Cylinder 11.9 6}
	{Bone "wheell2"}
	{Matrix34
		-1	0	0
		0	1	0
		0	0	-1
		0.200791	-0.497257	4.04925
	}
}
{Volume "wheelleft3"
	{Cylinder 11.9 6}
	{Bone "wheell3"}
	{Matrix34
		-1	0	0
		0	1	0
		0	0	-1
		-0.0633135	-0.497251	4.04925
	}
}
{Volume "wheelleft4"
	{Cylinder 11.9 6}
	{Bone "wheell4"}
	{Matrix34
		-1	0	0
		0	1	0
		0	0	-1
		-0.0579605	-0.497253	4.04925
	}
}
{Volume "wheelright1"
	{Cylinder 11.9 6}
	{Bone "wheelr1"}
	{Matrix34
		-1	0	0
		0	1	0
		0	0	-1
		-0.15564	-0.49718	-3.80435
	}
}
{Volume "wheelright2"
	{Cylinder 11.9 6}
	{Bone "wheelr2"}
	{Matrix34
		-1	0	0
		0	1	0
		0	0	-1
		0.200814	-0.497266	-3.80441
	}
}
{Volume "wheelright3"
	{Cylinder 11.9 6}
	{Bone "wheelr3"}
	{Matrix34
		-1	0	0
		0	1	0
		0	0	-1
		-0.0632265	-0.497178	-3.80441
	}
}
{Volume "wheelright4"
	{Cylinder 11.9 6}
	{Bone "wheelr4"}
	{Matrix34
		-1	0	0
		0	1	0
		0	0	-1
		-0.0580177	-0.497269	-3.80439
	}
}
