;Exported by: Normand
;Date:        Mon Oct 13 09:02:39 2014
;File:        C:\Users\Normand\Pz38t.max
{Skeleton
	{animation
		{sequence "start" {speed 0.2}}
		{sequence "stop" {speed 0.2}}
		{sequence "fire" {speed 0.4}}
		{sequence "open" {resume}}
		{sequence "open_driver2" {resume}}
		{sequence "open_driver" {speed 0.15} {resume}}
	}
	{bone "basis"
		{Orientation
			1	0	0
			0	-1	0
			0	0	1
		}
		{bone "wheelsr"
			{parameters "wheelsR;"}
			{Matrix34
				-1	0	0
				0	1	0
				0	0	1
				-3.29304	-15.0346	9.17564
			}
			{VolumeView "wheelsr.ply"}
			{bone revolute "wheelr5"
				{parameters "ID=trackRight;Radius=0.38;"}
				{Matrix34
					0.190809	0	-0.981627
					0.981627	0	0.190809
					0	1	0
					25.5629	-2.49951	-0.828609
				}
				{VolumeView "wheelr5.ply"}
			}
			{bone revolute "wheelr4"
				{parameters "ID=trackRight;Radius=0.38;"}
				{Matrix34
					0.814116	0	0.580703
					-0.580703	0	0.814116
					0	1	0
					9.11662	-2.49951	-0.828609
				}
				{VolumeView "wheelr5.ply"}
			}
			{bone revolute "wheelr3"
				{parameters "ID=trackRight;Radius=0.38;"}
				{Matrix34
					-0.75471	0	0.656059
					-0.656059	0	-0.75471
					0	1	0
					-9.20118	-2.4995	-0.828609
				}
				{VolumeView "wheelr5.ply"}
			}
			{bone revolute "wheelr2"
				{parameters "ID=trackRight;Radius=0.38;"}
				{Matrix34
					-1	0	0
					0	0	-1
					0	1	0
					-25.6521	-2.49949	-0.828609
				}
				{VolumeView "wheelr5.ply"}
			}
			{bone "trackr"
				{parameters "ID=trackRight;"}
				{Matrix34
					1	0	0
					0	0	1
					0	1	0
					-3.70082	-2.02429	1.83008
				}
				{VolumeView "trackr.ply"}
			}
			{bone "fxtracer2"
				{Matrix34
					1	0	0
					0	0	1
					0	1	0
					10.6992	-2.27658	-9.29608
				}
			}
			{bone "fxtracer1"
				{Matrix34
					1	0	0
					0	0	1
					0	1	0
					-18.7744	-2.27656	-9.49708
				}
			}
			{bone "fxtracer3"
				{Matrix34
					0.971302	-0.171268	0.165048
					-0.16254	0.0286599	0.986286
					0.173649	0.984808	0
					27.2175	-2.27659	-9.19577
				}
			}
		}
		{bone "wheelsl"
			{parameters "wheelsL;"}
			{Matrix34
				-1	0	0
				0	1	0
				0	0	1
				-3.29304	15.197	9.17564
			}
			{VolumeView "wheelsl.ply"}
			{bone revolute "wheell3"
				{parameters "ID=trackleft;Radius=0.38;"}
				{Matrix34
					0.97437	0	-0.224951
					0.224951	0	0.97437
					0	1	0
					-9.20295	2.49948	-0.828613
				}
				{VolumeView "wheell3.ply"}
			}
			{bone revolute "wheell4"
				{parameters "ID=trackleft;Radius=0.38;"}
				{Matrix34
					-0.870356	0	0.492424
					-0.492424	0	-0.870356
					0	1	0
					9.1197	2.49948	-0.828613
				}
				{VolumeView "wheell3.ply"}
			}
			{bone revolute "wheell2"
				{parameters "ID=trackleft;Radius=0.38;"}
				{Matrix34
					-0.438371	0	0.898794
					-0.898794	0	-0.438371
					0	1	0
					-25.6569	2.49949	-0.828613
				}
				{VolumeView "wheell3.ply"}
			}
			{bone revolute "wheell5"
				{parameters "ID=trackleft;Radius=0.38;"}
				{Matrix34
					-1	0	0
					0	0	-1
					0	1	0
					25.5651	2.49948	-0.828613
				}
				{VolumeView "wheell3.ply"}
			}
			{bone "trackl"
				{parameters "ID=trackLeft;"}
				{Matrix34
					1	0	0
					0	0	1
					0	1	0
					-3.70082	2.15717	1.83008
				}
				{VolumeView "trackl.ply"}
			}
			{bone "fxtracel2"
				{Matrix34
					1	0	0
					0	0	1
					0	1	0
					10.6992	2.61536	-9.29607
				}
			}
			{bone "fxtracel3"
				{Matrix34
					0.975452	0.145783	0.165048
					-0.163235	-0.0243957	0.986286
					-0.14781	0.989016	0
					27.2175	2.61535	-9.19576
				}
			}
			{bone "fxtracel1"
				{Matrix34
					1	0	0
					0	0	1
					0	1	0
					-18.7744	2.61537	-9.49708
				}
			}
		}
		{bone "body"
			{parameters "ID=body;"}
			{animation
				{sequence "repair" {file "body_r.anm"} {speed 0.9}}
			}
			{Position -2.42864	0.081192	19.2988}
			{VolumeView "body.ply"}
			{bone "antena1"
				{Position 31.6272	14.925	5.23389}
				{VolumeView "antena1.ply"}
				{bone "antena2"
					{Position -0.382128	0.0138245	10.6489}
					{VolumeView "antena2.ply"}
					{bone "antena3"
						{Position -0.69306	0.00853729	6.5924}
						{VolumeView "antena3.ply"}
						{bone "antena4"
							{Position -1.37657	0.00841522	6.47886}
							{VolumeView "antena4.ply"}
						}
					}
				}
			}
			{bone "engine"
				{parameters "ID=engine;"}
				{animation
					{sequence "repair" {file "engine_r.anm"} {speed 0.4}}
				}
				{Position -24.5493	-0.0316305	6.01695}
				{VolumeView "engine.ply"}
				{bone "engine_cover1"
					{parameters "ID=engine;"}
					{Matrix34
						0.999999	0	0.00133514
						0	1	0
						-0.00133514	0	0.999999
						7.36398	5.03244	2.43932
					}
					{VolumeView "engine_cover1.ply"}
				}
				{bone "engine_cover2"
					{parameters "ID=engine;"}
					{Matrix34
						0.999999	0	0.00133514
						0	1	0
						-0.00133514	0	0.999999
						7.65112	-5.04549	2.45077
					}
					{VolumeView "engine_cover2.ply"}
				}
			}
			{bone revolute "turret"
				{parameters "ID=turret;"}
				{animation
					{sequence "repair" {file "turret_r.anm"} {speed 0.4}}
				}
				{Matrix34
					0.999975	-0.00713104	0
					0.00713104	0.999974	-0.00145817
					1.03853e-005	0.00145813	0.999999
					7.70088	0.000537619	10.2571
				}
				{VolumeView "turret.ply"}
				{bone revolute "gun_rot"
					{parameters "ID=gun;"}
					{limits -7 15}
					{Matrix34
						0.999975	0.00713106	1.04597e-005
						0	-0.00145813	0.999999
						0.00713105	-0.999974	-0.0014581
						13.339	0.0323647	5.54098
					}
					{VolumeView "gun_rot.ply"}
					{bone "gun"
						{parameters "ID=gun;"}
						{animation
							{sequence "repair" {file "gun_r.anm"} {speed 0.4}}
						}
						{Matrix34
							0.999975	0	0.00713104
							0.00713103	-0.00145831	-0.999974
							1.04597e-005	0.999999	-0.00145831
							14.1226	-1.05685	0.00850184
						}
						{VolumeView "gun.ply"}
						{bone "foresight1"
							{Matrix34
								0.999975	0.00713102	1.0512e-005
								-0.00713102	0.999974	0.00145834
								0	-0.00145836	0.999999
								10.1491	0.0657859	0.0322037
							}
						}
						{bone "visor1"
							{Matrix34
								0.999975	0.00713102	1.0512e-005
								-0.00713102	0.999974	0.00145834
								0	-0.00145836	0.999999
								-1.84295	-0.051088	2.31035
							}
						}
					}
				}
				{bone socket "mgun"
					{parameters "ID=turret;"}
					{limits 10}
					{Matrix34
						0.999975	0.00713104	1.04449e-005
						-0.00713104	0.999974	0.00145813
						0	-0.00145817	0.999999
						11.0173	-5.77535	5.39109
					}
					{VolumeView "mgun.ply"}
					{bone "foresight3"
						{Position 14.0874	-0.0110464	0.335274}
					}
				}
				{bone "door"
					{parameters "ID=turret;"}
					{Matrix34
						0.696958	0.717041	-0.0101224
						-0.00303464	0.0170642	0.99985
						0.717106	-0.696822	0.0140689
						-3.24105	0.847661	13.7974
					}
					{VolumeView "door.ply"}
				}
				{bone "enumerator"
					{parameters "ID=enumerator;"}
					{Matrix34
						1	0	0
						0	0.999754	-0.0222002
						0	0.0222002	0.999754
						-10.2176	-0.0344541	4.11964
					}
					{VolumeView "enumerator.ply"}
				}
			}
			{bone "cover1"
				{Matrix34
					-1	0	0
					0	1	0
					0	0	1
					32.667	0.12273	1.26698
				}
				{VolumeView "cover.ply"}
			}
			{bone "cover2"
				{parameters "ID=body;"}
				{Position 27.9279	8.58554	9.53517}
				{VolumeView "cover2.ply"}
				{bone "cover3"
					{parameters "ID=body;"}
					{Position -3.22842	-0.00132751	0.00737762}
					{VolumeView "cover3.ply"}
				}
			}
			{bone "detail3"
				{Position -0.665751	17.5553	3.16781}
				{VolumeView "detail3.ply"}
			}
			{bone "detail2"
				{Position 21.1854	-17.0781	3.17429}
				{VolumeView "detail2.ply"}
			}
			{bone "detail1"
				{Matrix34
					0.998597	-0.0529604	0.000168324
					0	-0.00318226	-0.999995
					0.0529607	0.998592	-0.0031778
					5.07994	13.9153	5.38327
				}
				{VolumeView "detail1.ply"}
			}
			{bone revolute "wheell1"
				{parameters "ID=trackleft;Radius=0.34;"}
				{Matrix34
					1	0	0
					0	0	-1
					0	1	0
					37.2021	17.2609	-5.36243
				}
				{VolumeView "wheell1.ply"}
			}
			{bone revolute "wheell6"
				{parameters "ID=trackleft;Radius=0.26;"}
				{Matrix34
					1	0	0
					0	0	-1
					0	1	0
					-37.9114	17.6948	-9.48879
				}
				{VolumeView "wheell6.ply"}
			}
			{bone revolute "wheell7"
				{parameters "ID=trackleft;Radius=0.11;"}
				{Matrix34
					1	0	0
					0	0	-1
					0	1	0
					-0.756587	17.2019	-3.24685
				}
				{VolumeView "wheell7.ply"}
			}
			{bone revolute "wheell8"
				{parameters "ID=trackleft;Radius=0.11;"}
				{Matrix34
					0.97237	0	-0.233445
					-0.233445	0	-0.97237
					0	1	0
					16.5675	17.2019	-2.17423
				}
				{VolumeView "wheell7.ply"}
			}
			{bone revolute "wheelr1"
				{parameters "ID=trackRight;Radius=0.34;"}
				{Matrix34
					0.887011	0	0.461749
					0.461749	0	-0.887011
					0	1	0
					37.2021	-17.2609	-5.36243
				}
				{VolumeView "wheelr1.ply"}
			}
			{bone revolute "wheelr8"
				{parameters "ID=trackRight;Radius=0.11;"}
				{Matrix34
					0.777146	0	0.62932
					0.62932	0	-0.777146
					0	1	0
					16.5675	-17.2019	-2.17422
				}
				{VolumeView "wheelr8.ply"}
			}
			{bone revolute "wheelr7"
				{parameters "ID=trackRight;Radius=0.11;"}
				{Matrix34
					1	0	0
					0	0	-1
					0	1	0
					-0.755545	-17.2019	-3.2514
				}
				{VolumeView "wheelr8.ply"}
			}
			{bone revolute "wheelr6"
				{parameters "ID=trackRight;Radius=0.26;"}
				{Matrix34
					0.870356	0	-0.492424
					-0.492424	0	-0.870356
					0	1	0
					-37.9114	-17.434	-9.48879
				}
				{VolumeView "wheelr6.ply"}
			}
			{bone "fxlight"
				{Matrix34
					1	0	0
					0	0	1
					0	-1	0
					41.5683	10.4493	1.82899
				}
			}
			{bone "headlightl"
				{Matrix34
					1	0	0
					0	0	1
					0	-1	0
					41.5683	10.5535	1.82899
				}
				{bone "highlight"
					{Matrix34
						1	0	0
						0	0	-1
						0	1	0
						-64.1333	24.7905	13.5115
					}
				}
			}
			{bone "visor2"
				{Matrix34
					1	0	0
					0	0	1
					0	-1	0
					28.6153	9.63282	4.62036
				}
			}
			{bone "fxfire2"
				{Matrix34
					0	0.222279	0.974983
					0	-0.974983	0.222279
					1	0	0
					-17.5895	9.76451	-3.25301
				}
			}
			{bone "fxfire3"
				{Matrix34
					0	-0.24299	0.970029
					0	-0.970029	-0.24299
					1	0	0
					-17.5895	-9.03232	-3.25301
				}
			}
			{bone "fxfire1"
				{Matrix34
					0	0	1
					0	-1	0
					1	0	0
					7.67981	-0.16589	-3.25301
				}
			}
			{bone "fxsmoke1"
				{Matrix34
					-0.71934	0	0.694658
					0.694658	0	0.71934
					0	1	0
					-43.0424	13.2415	6.454
				}
			}
			{bone "fxshot"
				{Matrix34
					0	1	0
					0	0	1
					1	0	0
					3.55332	-0.195	-12.7414
				}
			}
			{bone revolute "mgun_rot2"
				{limits -15 15}
				{Matrix34
					1	0	0
					0	0	1
					0	-1	0
					27.4808	3.09083	4.84571
				}
				{bone revolute "mgun2"
					{limits -15 15}
					{Matrix34
						1	0	0
						0	0	-1
						0	1	0
						0.00309372	0.00594711	-0.00754237
					}
					{VolumeView "mgun.ply"}
					{bone "foresight4"
						{Position 11.8387	-0.0032959	0.0957241}
					}
				}
			}
			{bone "seat01"
				{Matrix34
					0	-1	0
					1	0	0
					0	0	1
					-32.2326	-19.2301	-3.11427
				}
				{visibility 0}
			}
			{bone "seat02"
				{Matrix34
					0	-1	0
					1	0	0
					0	0	1
					-15.8129	-19.2301	-3.11427
				}
				{visibility 0}
			}
			{bone "seat03"
				{Matrix34
					0	1	0
					-1	0	0
					0	0	1
					-31.8791	19.735	-2.95712
				}
				{visibility 0}
			}
			{bone "seat04"
				{Matrix34
					0	1	0
					-1	0	0
					0	0	1
					-15.4269	19.735	-2.95712
				}
				{visibility 0}
			}
		}
		{bone "emit0"
			{Matrix34
				-0.92	0	0
				0	-0.92	0
				0	0	0.92
				56.9	4.7	0.0395145
			}
			{visibility 0}
		}
		{bone "emit2"
			{Matrix34
				0	1	0
				-1	0	0
				0	0	1
				-1.9812	-35.1834	0.200848
			}
		}
		{bone "emit1"
			{Matrix34
				0	-1	0
				1	0	0
				0	0	1
				-1.9812	35.2727	0.200848
			}
		}
		{bone "emit3"
			{Matrix34
				0	1	0
				-1	0	0
				0	0	1
				-34.141	-41.1949	0.0395145
			}
			{visibility 0}
		}
		{bone "emit4"
			{Matrix34
				0	1	0
				-1	0	0
				0	0	1
				-17.7888	-41.1949	0.0395145
			}
			{visibility 0}
		}
		{bone "emit5"
			{Matrix34
				0	-1	0
				1	0	0
				0	0	1
				-34.5945	41.4604	0.0395145
			}
			{visibility 0}
		}
		{bone "emit6"
			{Matrix34
				0	-1	0
				1	0	0
				0	0	1
				-18.0748	41.4604	0.0395145
			}
			{visibility 0}
		}
	}
}
{Volume "body1"
	{Polyhedron "body1.vol"}
	{Bone "body"}
	{Position 9.82868	-0.0197709	3.79479}
}
{Volume "body2"
	{Polyhedron "body2.vol"}
	{Bone "body"}
	{Position -0.0937219	-0.0197738	-4.90454}
}
{Volume "crew"
	{Box 16.003 16.5745 19.9635}
	{Bone "body"}
	{Position 13.8737	0.00505125	-0.714643}
}
{Volume "engine"
	{Polyhedron "engine.vol"}
	{Bone "engine"}
	{Position 1.34335	-0.0197795	-3.87628}
}
{Volume "gun"
	{Cylinder 1.05 20}
	{Bone "gun"}
	{Matrix34
		0.00713087	-0.999973	-0.00145839
		0	-0.00145839	0.999999
		-0.999975	-0.00713086	-1.05564e-005
		-0.275996	0.0234464	0.0503972
	}
}
{Volume "inventory"
	{Box 15.1065 7.00646 7.0806}
	{Bone "body"}
	{Position 1.88418	-8.25063	-3.81236}
}
{Volume "mantlet"
	{Box 5 3.39489 5.5}
	{Bone "gun_rot"}
	{Matrix34
		1	0	0
		0	0	-1
		0	1	0
		2.74064	0.156242	-0.0175595
	}
}
{Volume "turret"
	{Polyhedron "turret.vol"}
	{Bone "turret"}
	{Matrix34
		0.999975	0.00713104	1.04449e-005
		-0.00713104	0.999974	0.00145813
		0	-0.00145817	0.999999
		-2.686	0.115922	0.154278
	}
}
{Volume "trackleft"
	{Polyhedron "trackleft.vol"}
	{Bone "wheelsl"}
	{Matrix34
		1	0	0
		0	0	1
		0	1	0
		-0.680502	0.00203896	0.695318
	}
}
{Volume "trackright"
	{Polyhedron "trackright.vol"}
	{Bone "wheelsr"}
	{Matrix34
		1	0	0
		0	0	1
		0	1	0
		-0.680503	-4.24775	0.695313
	}
}
