;Exported by: Loskutov_K
;Date:        Fri Mar 26 15:10:19 2010
;File:        D:\_Vietnam\Art\Models\Houses\X\House_small_2\x_hs2.max
{Skeleton
	{bone "interset4_hs2_x"
		{Orientation
			1	0	0
			0	-1	0
			0	0	1
		}
		{bone "piece03"
			{Position -19.9942	-1.62142	-1.14082}
			{VolumeView "piece03.ply"}
		}
		{bone "piece02"
			{Matrix34
				0	0.0682099	-0.997671
				-1	0	0
				0	0.997671	0.0682099
				-4.81382	5.12745	-0.41201
			}
			{VolumeView "piece02.ply"}
		}
		{bone "piece01"
			{Matrix34
				0	0.0682099	-0.997671
				-1	0	0
				0	0.997671	0.0682099
				16.9353	5.12148	2.85837
			}
			{VolumeView "piece01.ply"}
		}
	}
}
{Volume "piece01"
	{Polyhedron "piece01.vol"}
	{Bone "piece01"}
	{Position -0.029314	-0.105667	-2.33789}
}
{Volume "piece02"
	{Polyhedron "piece02.vol"}
	{Bone "piece02"}
	{Position -0.0366889	-0.132247	-2.92599}
}
{Volume "piece03"
	{Polyhedron "piece03.vol"}
	{Bone "piece03"}
	{Matrix34
		-0.0431933	0	-0.999067
		0	-1	0
		-0.999067	0	0.0431933
		5.60695	-0.299835	-0.191208
	}
}
