;Exported by: Loskutov_K
;Date:        Wed Apr 21 09:39:46 2010
;File:        D:\_Vietnam\Art\Models\Structure\bridge_big\brb.max
{Skeleton
	{bone "beams"
		{Orientation
			1	0	0
			0	-1	0
			0	0	1
		}
		{VolumeView "beams.ply"}
		{bone "road"
			{parameters "Land;Ground;"}
			{Position 0	0	0}
			{VolumeView "road.ply" {Ground}}
		}
	}
}
{Obstacle "rectangle01"
	{Obb2
		{Center 0.277283 -73.569}
		{Extent 165.874 1.43253}
		{Axis -1 0}
	}
	{Rotate}
}
{Obstacle "rectangle02"
	{Obb2
		{Center 0.277267 73.8169}
		{Extent 166.904 1.43253}
		{Axis -1 0}
	}
	{Rotate}
}
{Volume "body10"
	{Box 5.90551 5.90551 143.081}
	{Bone "beams"}
	{Matrix34
		0.999554	0.00414917	0.0295791
		-0.002889	0.999091	-0.0425196
		-0.0297287	0.0424152	0.998658
		-1.11472	-99.6511	63.8998
	}
}
{Volume "body11"
	{Box 5.90551 5.90551 143.081}
	{Bone "beams"}
	{Matrix34
		0.999554	0.00414917	0.0295791
		-0.002889	0.999091	-0.0425196
		-0.0297287	0.0424152	0.998658
		67.2523	-94.044	63.8998
	}
}
{Volume "body12"
	{Box 5.90551 5.90551 143.081}
	{Bone "beams"}
	{Matrix34
		0.999734	0.00375527	-0.0227399
		-0.00511161	0.998192	-0.0598847
		0.0224739	0.059985	0.997946
		134.752	-100.231	63.8489
	}
}
{Volume "body13"
	{Box 5.90551 5.90551 143.081}
	{Bone "beams"}
	{Matrix34
		0.999583	0.00644741	0.0281521
		-0.00812634	0.998169	0.0599368
		-0.0277141	-0.0601406	0.997805
		138.254	-83.7764	63.8388
	}
}
{Volume "body14"
	{Box 5.90551 5.90551 143.081}
	{Bone "beams"}
	{Matrix34
		0.999825	0.00230843	-0.0185989
		-0.00194578	0.999808	0.0194933
		0.0186403	-0.0194537	0.999637
		-3.66634	-89.1607	63.9698
	}
}
{Volume "body15"
	{Box 5.90551 5.90551 143.081}
	{Bone "beams"}
	{Matrix34
		0.999589	0.00230789	0.028573
		-0.00286547	0.999806	0.0194887
		-0.0285224	-0.0195625	0.999402
		-66.9113	-87.7254	63.953
	}
}
{Volume "body16"
	{Box 5.90551 5.90551 143.081}
	{Bone "beams"}
	{Matrix34
		0.999793	0.000295578	-0.0203413
		-0.000387771	0.99999	-0.00452852
		0.0203398	0.00453547	0.999783
		72.2501	92.331	63.9803
	}
}
{Volume "body17"
	{Box 5.90551 5.90551 143.081}
	{Bone "beams"}
	{Matrix34
		0.999293	0.00109645	-0.0375746
		0.000214488	0.999392	0.034867
		0.03759	-0.0348505	0.998685
		-60.1661	99.4899	63.9017
	}
}
{Volume "body1"
	{Box 335.178 3.38255 19.1235}
	{Bone "beams"}
	{Position -0.262728	-74.9044	148.9}
}
{Volume "body2"
	{Box 335.178 3.38255 19.1235}
	{Bone "beams"}
	{Position -0.262701	78.6002	148.9}
}
{Volume "body3"
	{Box 5.90551 5.90551 143.081}
	{Bone "beams"}
	{Matrix34
		0.999679	0	-0.0253248
		0.000399504	0.999876	0.0157701
		0.0253217	-0.0157752	0.999555
		133.89	98.7269	63.964
	}
}
{Volume "body4"
	{Box 5.90551 5.90551 143.081}
	{Bone "beams"}
	{Matrix34
		0.999894	0	0.0145506
		-0.000229538	0.999876	0.0157735
		-0.0145488	-0.0157752	0.99977
		77.224	104.329	63.9793
	}
}
{Volume "body5"
	{Box 5.90551 5.90551 143.081}
	{Bone "beams"}
	{Matrix34
		0.999894	-0.00044961	0.0145435
		-0.00022959	0.998911	0.0466659
		-0.0145486	-0.0466643	0.998805
		9.3017	100.485	63.9103
	}
}
{Volume "body6"
	{Box 5.90551 5.90551 143.081}
	{Bone "beams"}
	{Matrix34
		0.999894	-0.00044961	0.0145435
		-0.00022959	0.998911	0.0466659
		-0.0145486	-0.0466643	0.998805
		-56.9871	107.704	63.9103
	}
}
{Volume "body7"
	{Box 5.90551 5.90551 143.081}
	{Bone "beams"}
	{Matrix34
		0.999328	-0.000449355	-0.0366613
		0.00216018	0.998909	0.0466395
		0.0366003	-0.0466873	0.998239
		-130.55	99.8639	63.8698
	}
}
{Volume "body8"
	{Box 5.90551 5.90551 143.081}
	{Bone "beams"}
	{Matrix34
		0.999582	0.00254954	0.028818
		-0.000900794	0.998369	-0.0570813
		-0.0289165	0.0570314	0.997953
		-126.695	-94.5202	63.8494
	}
}
{Volume "body9"
	{Box 5.90551 5.90551 143.081}
	{Bone "beams"}
	{Matrix34
		0.99987	0.00325959	-0.0158213
		-0.00345731	0.999916	-0.012486
		0.0157793	0.0125391	0.999797
		-69.8404	-94.0862	63.9813
	}
}
{Volume "body"
	{Box 335.178 157.868 9.34174}
	{Bone "beams"}
	{Position -0.262714	0.280859	135.516}
}
