;Exported by: Loskutov_K
;Date:        Sat Feb 27 14:15:09 2010
;File:        D:\_Vietnam\Art\Models\Houses\Naves_2\naves2.max
{Skeleton
	{bone "naves_2"
		{Orientation
			1	0	0
			0	-1	0
			0	0	1
		}
		{VolumeView "naves_2.ply"}
	}
}
{Obstacle "body10"
	{Obb2
		{Center -41.9909 -1.6808}
		{Extent 1.12205 1.79767}
		{Axis 1 0}
	}
	{Rotate}
	{Tags  "body" "fire"}
}
{Obstacle "body3"
	{Obb2
		{Center 33.8164 39.6527}
		{Extent 1.4654 2.17351}
		{Axis 1 0}
	}
	{Rotate}
	{Tags  "body" "fire"}
}
{Obstacle "body4"
	{Obb2
		{Center -3.14708 41.1381}
		{Extent 2.17231 1.64113}
		{Axis 1 0}
	}
	{Rotate}
	{Tags  "body" "fire"}
}
{Obstacle "body5"
	{Obb2
		{Center -44.297 39.7129}
		{Extent 1.68736 1.67119}
		{Axis 1 0}
	}
	{Rotate}
	{Tags  "body" "fire"}
}
{Obstacle "body6"
	{Obb2
		{Center -43.9463 -44.504}
		{Extent 1.60677 1.54317}
		{Axis 1 0}
	}
	{Rotate}
	{Tags  "body" "fire"}
}
{Obstacle "body7"
	{Obb2
		{Center -3.25304 -44.504}
		{Extent 1.47344 1.54317}
		{Axis 1 0}
	}
	{Rotate}
	{Tags  "body" "fire"}
}
{Obstacle "body8"
	{Obb2
		{Center 34.3379 -45.1759}
		{Extent 1.6169 1.54317}
		{Axis 1 0}
	}
	{Rotate}
	{Tags  "body" "fire"}
}
{Obstacle "body9"
	{Obb2
		{Center 33.3619 -1.3018}
		{Extent 2.1127 1.28658}
		{Axis 1 0}
	}
	{Rotate}
	{Tags  "body" "fire"}
}
{Volume "body10"
	{Box 2.24409 2.24409 71.1976}
	{Bone "naves_2"}
	{Matrix34
		1	0	0
		0	0.99982	-0.0189846
		0	0.0189846	0.99982
		-41.9909	1.6808	24.3256
	}
}
{Volume "body1"
	{Box 89.3236 2.72835 49.3938}
	{Bone "naves_2"}
	{Matrix34
		-1	0	0
		0	0.453045	-0.891487
		0	-0.891487	-0.453045
		-4.14714	-19.4881	48.1244
	}
}
{Volume "body2"
	{Box 89.3236 2.72835 49.3938}
	{Bone "naves_2"}
	{Matrix34
		1	0	0
		0	-0.453045	-0.891487
		0	0.891487	-0.453045
		-4.14712	23.4434	48.1244
	}
}
{Volume "body3"
	{Box 2.24409 2.24409 51.2213}
	{Bone "naves_2"}
	{Matrix34
		0.99991	0	-0.0133976
		0.00055037	0.999155	0.041089
		0.0133863	-0.0410926	0.999066
		33.8164	-39.6527	14.3199
	}
}
{Volume "body4"
	{Box 2.24409 2.24409 51.2213}
	{Bone "naves_2"}
	{Matrix34
		0.999158	0.00150509	0.0409941
		-0.000674964	0.999795	-0.0202562
		-0.0410162	0.0202115	0.998954
		-3.14709	-41.1381	14.3171
	}
}
{Volume "body5"
	{Box 2.24409 2.24409 51.2213}
	{Bone "naves_2"}
	{Matrix34
		0.999756	0	-0.0220683
		0.000473234	0.99977	0.0214467
		0.0220633	-0.0214519	0.999526
		-44.297	-39.7128	14.3317
	}
}
{Volume "body6"
	{Box 2.24409 2.24409 51.2213}
	{Bone "naves_2"}
	{Matrix34
		0.999821	0	-0.0189233
		0.0003111	0.999865	0.0164464
		0.0189208	-0.0164493	0.999686
		-43.9463	44.504	14.3358
	}
}
{Volume "body7"
	{Box 2.24409 2.24409 51.2213}
	{Bone "naves_2"}
	{Matrix34
		0.999906	0	0.0137167
		-0.000225806	0.999865	0.0164478
		-0.0137149	-0.0164493	0.999771
		-3.25304	44.504	14.338
	}
}
{Volume "body8"
	{Box 2.24409 2.24409 51.2213}
	{Bone "naves_2"}
	{Matrix34
		0.999813	0	-0.0193191
		0.000317611	0.999865	0.0164462
		0.0193165	-0.0164493	0.999678
		34.3379	45.1759	14.3356
	}
}
{Volume "body9"
	{Box 2.24409 2.24409 71.1976}
	{Bone "naves_2"}
	{Matrix34
		0.999613	0.000586285	0.0278237
		-0.000457959	0.999989	-0.00461827
		-0.0278261	0.00460374	0.999602
		33.3619	1.3018	24.3178
	}
}
