;Exported by: Loskutov_K
;Date:        Wed Mar 31 13:39:23 2010
;File:        D:\_Vietnam\Art\Models\Houses\X\House_middle_1_x\House_middle_1_x.max
{Skeleton
	{bone "roofhold5_hm1_x"
		{Orientation
			1	0	0
			0	-1	0
			0	0	1
		}
		{bone "piece02"
			{Matrix34
				1	0	0
				0	-0.707107	-0.707107
				0	0.707107	-0.707107
				15.546	-9.33678	9.15462
			}
			{VolumeView "piece02.ply"}
		}
		{bone "piece03"
			{Matrix34
				1	0	0
				0	-0.707107	-0.707107
				0	0.707107	-0.707107
				-16.3956	-7.32761	7.14545
			}
			{VolumeView "piece03.ply"}
		}
		{bone "piece01"
			{Matrix34
				1	0	0
				0	-0.707107	-0.707107
				0	0.707107	-0.707107
				0.253265	4.08919	-3.96187
			}
			{VolumeView "piece01.ply"}
		}
	}
}
{Volume "piece01"
	{Box 23.1951 21.4821 2.29152}
	{Bone "piece01"}
	{Matrix34
		1	0	0
		0	0	-1
		0	1	0
		0.882643	0.158954	-0.262147
	}
}
{Volume "piece02"
	{Box 19.0123 19.8908 2.29152}
	{Bone "piece02"}
	{Matrix34
		1	0	0
		0	0	-1
		0	1	0
		-0.992867	0.247136	2.37735
	}
}
{Volume "piece03"
	{Box 19.0123 19.8908 2.29152}
	{Bone "piece03"}
	{Matrix34
		1	0	0
		0	0	-1
		0	1	0
		0.923006	0.247142	-0.464042
	}
}
