;Exported by: Normand
;Date:        Tue Dec 16 01:05:13 2014
;File:        C:\Users\Normand\m4_x.max
{Skeleton
	{bone "basis"
		{Orientation
			1	0	0
			0	-1	0
			0	0	1
		}
		{bone "emit5"
			{Matrix34
				0	-1	0
				1	0	0
				0	0	1
				-31.0382	45.7308	0
			}
		}
		{bone "emit6"
			{Matrix34
				0	-1	0
				1	0	0
				0	0	1
				-45.7983	45.7308	0
			}
		}
		{bone "emit1"
			{Matrix34
				0	-1	0
				1	0	0
				0	0	1
				3.42239	45.5341	0
			}
		}
		{bone "emit3"
			{Matrix34
				0	1	0
				-1	0	0
				0	0	1
				-31.3047	-45.3738	0
			}
		}
		{bone "emit2"
			{Matrix34
				0	1	0
				-1	0	0
				0	0	1
				3.42239	-46.4277	0
			}
		}
		{bone "emit4"
			{Matrix34
				0	1	0
				-1	0	0
				0	0	1
				-45.4633	-45.3738	0
			}
		}
		{bone "body"
			{parameters "ID=body;"}
			{animation
				{sequence "break" {file "body_b.anm"} {speed 0.4}}
			}
			{Position -6.0685	0.0409067	23.2681}
			{VolumeView "body.ply"}
			{bone "enumerator"
				{Matrix34
					-0.171363	0.488896	0.855345
					-0.224629	-0.864709	0.449245
					-0.959258	0.115151	-0.257999
					-39.1161	-25.3185	3.57702
				}
				{VolumeView "enumerator.ply"}
			}
			{bone "visor2"
				{Matrix34
					1	0	0
					0	-1	0
					0	0	1
					31.0756	-9.97519	13.8563
				}
			}
			{bone "headlightr"
				{Matrix34
					1	0	0
					0	-1	0
					0	0	1
					46.0967	17.0031	6.45386
				}
			}
			{bone revolute "wheelr1"
				{parameters "ID=trackright;Radius=0.34;"}
				{Matrix34
					-1	0	0
					0	0.00591874	0.999982
					0	-0.999982	0.00591621
					53.4577	-20.6961	-8.69193
				}
				{VolumeView "wheelr1.ply"}
			}
			{bone revolute "wheelr9"
				{parameters "ID=trackright;Radius=0.26;"}
				{Matrix34
					-1	0	0
					0	0.00504613	0.999987
					0	-0.999987	0.00504362
					27.0876	-20.1233	-4.97963
				}
				{VolumeView "wheelr9.ply"}
			}
			{bone "engine"
				{parameters "ID=engine;"}
				{Matrix34
					0.999657	-0.000132055	-0.0261766
					0.000114186	1	-0.000682831
					0.0261767	0.000681042	0.999657
					-31.1234	0.397841	12.2381
				}
				{VolumeView "engine.ply"}
			}
			{bone revolute "wheelr10"
				{parameters "ID=trackright;Radius=0.26;"}
				{Matrix34
					-1	0	0
					0	0.00504613	0.999987
					0	-0.999987	0.00504362
					-2.0351	-20.1233	-4.97963
				}
				{VolumeView "wheelr10.ply"}
			}
			{bone revolute "wheelr11"
				{parameters "ID=trackright;Radius=0.26;"}
				{Matrix34
					-1	0	0
					0	0.00504613	0.999987
					0	-0.999987	0.00504362
					-30.6311	-20.1233	-4.97963
				}
				{VolumeView "wheelr11.ply"}
			}
			{bone revolute "wheelr2"
				{parameters "ID=trackright;Radius=0.29;"}
				{Matrix34
					-1	0	0
					0	0.00591874	0.999982
					0	-0.999982	0.00591621
					-43.0733	-20.7111	-9.14198
				}
				{VolumeView "wheelr2.ply"}
			}
			{bone revolute "wheell1"
				{parameters "ID=trackleft;Radius=0.34;"}
				{Matrix34
					-1	0	0
					0	0.00591874	0.999982
					0	-0.999982	0.00591621
					53.4832	21.0082	-8.86831
				}
				{VolumeView "wheell1.ply"}
			}
			{bone revolute "wheell9"
				{parameters "ID=trackleft;Radius=0.26;"}
				{Matrix34
					-1	0	0
					0	0.00504613	0.999987
					0	-0.999987	0.00504362
					27.0833	20.5385	-5.17299
				}
				{VolumeView "wheell9.ply"}
			}
			{bone revolute "wheell10"
				{parameters "ID=trackleft;Radius=0.26;"}
				{Matrix34
					-1	0	0
					0	0.00504613	0.999987
					0	-0.999987	0.00504362
					-2.03941	20.5385	-5.17299
				}
				{VolumeView "wheell10.ply"}
			}
			{bone revolute "wheell11"
				{parameters "ID=trackleft;Radius=0.26;"}
				{Matrix34
					-1	0	0
					0	0.00504613	0.999987
					0	-0.999987	0.00504362
					-30.6354	20.5385	-5.17299
				}
				{VolumeView "wheell11.ply"}
			}
			{bone revolute "wheell2"
				{parameters "ID=trackleft;Radius=0.29;"}
				{Matrix34
					-1	0	0
					0	0.00591874	0.999982
					0	-0.999982	0.00591621
					-43.0685	21.0471	-9.36105
				}
				{VolumeView "wheell2.ply"}
			}
			{bone revolute "turret"
				{parameters "ID=turret;"}
				{speed 0.01}
				{Matrix34
					1	0	0
					0	1	0
					0	0	1
					4.04613	-0.0254024	14.5747
				}
				{VolumeView "turret_76.ply"}
				{bone "cover1"
					{Matrix34
						0.992546	-0.121869	0
						-0.121869	-0.992546	0
						0	0	1
						-10.0516	-14.3078	17.4421
					}
					{VolumeView "cover1_76.ply"}
				}
				{bone "at1"
					{Position -21.507	-9.00014	17.115}
					{VolumeView "at1_76.ply"}
					{bone "at2"
						{Position -0.370571	0	13.1397}
						{VolumeView "at2_76.ply"}
						{bone "at3"
							{Position -0.684479	0	13.0836}
							{VolumeView "at3_76.ply"}
							{bone "at4"
								{Position -0.501118	0	6.57655}
								{VolumeView "at4_76.ply"}
							}
						}
					}
				}
				{bone revolute "gun_rot"
					{parameters "ID=gun;"}
					{animation
						{sequence "break" {file "gun_b_76.anm"} {speed 0.6}}
					}
					{limits -10 15}
					{speed 0.01}
					{Matrix34
						1	0	0
						0	0	1
						0	-1	0
						17.8038	0.050831	6.7038
					}
					{VolumeView "gun_rot_76.ply"}
					{bone "gun"
						{parameters "ID=gun;"}
						{Matrix34
							1	0	0
							0	0	1
							0	1	0
							18.1938	-1.51126	-0.659355
						}
						{VolumeView "gun_76.ply"}
					}
				}
				{bone revolute "turret_mgun"
					{limits -15 15}
					{speed 0.03}
					{Position 3.38788	-8.37705	19.1935}
					{VolumeView "turret_mgun_76.ply"}
					{bone revolute "mgun_rot"
						{limits -20 40}
						{speed 0.03}
						{Matrix34
							0.996195	0	0.0871555
							-0.0871558	0	0.996195
							0	-1	0
							-1.92401	0.575074	0.459167
						}
						{bone revolute "mgun2"
							{Matrix34
								0.996195	-0.087156	0
								0.0871555	0.996195	0
								0	0	1
								-3.07689	1.23776	0.565117
							}
						}
					}
					{bone "gunner2"
						{Matrix34
							0.996879	0.00870071	0.0784592
							-0.00872778	0.999962	0
							-0.0784563	-0.000683481	0.996917
							-7.50727	0.378757	-21.2968
						}
					}
				}
				{bone "cover2"
					{Matrix34
						0.78259	-0.622536	0.00130841
						-0.622533	-0.782591	-0.00201353
						-0.00227745	-0.000761238	0.999997
						-11.1119	12.8442	14.5116
					}
					{VolumeView "cover2_76.ply"}
				}
			}		
			{bone "fxfire1"
				{Matrix34
					0	0	1
					0	-1	0
					-1	0	0
					-32.553	0.285355	10.1368
				}
			}
			{bone "fxsmoke1"
				{Matrix34
					-0.998603	-0.0393691	-0.0352424
					0.0400005	-0.999048	-0.0173949
					0.0345241	0.0187804	-0.999227
					-51.6987	-6.69517	-6.03134
				}
			}
			{bone "fxsmoke2"
				{Matrix34
					-0.999962	0	0.00872586
					0	-1	0
					-0.00872586	0	-0.999962
					-50.8602	6.83726	-6.19092
				}
			}
			{bone "fxshot"
				{Matrix34
					0	-1	0
					-1	0	0
					0	0	1
					9.66487	-1.07039	-13.9907
				}
			}
			{bone "headlightl"
				{Matrix34
					1	0	0
					0	-1	0
					0	0	1
					46.0966	-17.1419	6.45384
				}
			}
			{bone "fxstop1"
				{Matrix34
					-1	0	0
					0	1	0
					0	0	1
					-50.264	-23.2498	7.81939
				}
			}
			{bone "fxstop2"
				{Matrix34
					-1	0	0
					0	1	0
					0	0	1
					-50.264	23.1659	7.81943
				}
			}
			{bone "fxlight"
				{Matrix34
					1	0	0
					0	-1	0
					0	0	1
					46.0966	-0.0573425	6.45385
				}
			}
			{bone "detail2"
				{Matrix34
					0.999828	0.0181812	-0.00374267
					-0.0184368	0.996084	-0.0864693
					0.0021559	0.0865259	0.996247
					-32.7809	-21.8496	9.29509
				}
				{VolumeView "detail2.ply"}
			}
			{bone "detail1"
				{Matrix34
					1	0	0
					0	1	0.000191808
					0	-0.000189036	1
					-8.05395	-24.1016	11.1073
				}
				{VolumeView "detail1.ply"}
			}
			{bone revolute "mgun2_turret"
				{limits -30 30}
				{Matrix34
					1	0	0
					0	1	-0.000680566
					0	0.000683308	1
					43.7951	-9.7142	4.35486
				}
				{bone revolute "mgun2"
					{limits -30 30}
					{parameters "ID=body;"}
					{Matrix34
						1	0	0
						0	0	1
						0	-1	0
						0.000137329	0.00929546	0.0127392
					}
					{VolumeView "mgun.ply"}
					{bone "foresight5"
						{Matrix34
							1	0	0
							0	0	-1
							0	1	0
							15.7483	-0.0116997	0.0183764
						}
					}
				}
			}
			{bone "shieldr1"
				{parameters "ID=body;"}
				{Matrix34
					1	0	0
					0	1	0.000191808
					0	-0.000189036	1
					54.0895	-19.9677	-2.30773
				}
				{VolumeView "shieldr1.ply"}
			}
			{bone "shieldl1"
				{parameters "ID=body;"}
				{Matrix34
					1	0	0
					0	1	0.000191808
					0	-0.000189036	1
					54.0895	20.6374	-2.51323
				}
				{VolumeView "shieldl1.ply"}
			}
		}
		{bone "wheelsL"
			{parameters "ID=trackleft;"}
			{animation
				{sequence "break" {file "trackL_b.anm"}}
			}
			{Matrix34
				1	0	0
				0	0	-1
				0	1	0
				0.594524	20.5867	12.0776
			}
			{VolumeView "wheelsl.ply"}
			{bone "trackL"
				{parameters "CommonMesh;ID=trackleft;"}
				{Matrix34
					-1	0	0
					0	-1	0
					0	0	1
					1.94075	-3.65136	1.73159
				}
				{VolumeView "trackl.ply"}
			}
			{bone "fxtracel2"
				{Matrix34
					-1	0	0
					0	0	-1
					0	-1	0
					-27.1403	12.2645	2.0109
				}
			}
			{bone "fxtracel3"
				{Matrix34
					-0.967043	-0.233445	0.10164
					-0.104527	0	-0.994522
					0.232167	-0.97237	-0.0244005
					-37.9358	12.2645	2.0109
				}
			}
			{bone "fxtracel1"
				{Matrix34
					-1	0	0
					0	0	-1
					0	-1	0
					18.2828	12.2645	2.01093
				}
			}
			{bone revolute "wheell6"
				{parameters "ID=trackleft;Radius=0.26;"}
				{Matrix34
					-1	0	0
					0	-0.999949	0.0100913
					0	-0.0100905	-0.999949
					-7.5766	5.48299	-0.0812664
				}
				{VolumeView "wheell6.ply"}
			}
			{bone revolute "wheell5"
				{parameters "ID=trackleft;Radius=0.26;"}
				{Matrix34
					-1	0	0
					0	-0.999949	0.0100913
					0	-0.0100905	-0.999949
					8.73484	5.48299	-0.0812664
				}
				{VolumeView "wheell5.ply"}
			}
			{bone revolute "wheell4"
				{parameters "ID=trackleft;Radius=0.26;"}
				{Matrix34
					-1	0	0
					0	-0.999949	0.0100913
					0	-0.0100905	-0.999949
					21.2934	5.48299	-0.0812702
				}
				{VolumeView "wheell4.ply"}
			}
			{bone revolute "wheell3"
				{parameters "ID=trackleft;Radius=0.26;"}
				{Matrix34
					-1	0	0
					0	-0.999949	0.0100913
					0	-0.0100905	-0.999949
					37.466	5.48299	-0.0812702
				}
				{VolumeView "wheell3.ply"}
			}
			{bone revolute "wheell8"
				{parameters "ID=trackleft;Radius=0.26;"}
				{Matrix34
					-1	0	0
					0	-0.999949	0.0100913
					0	-0.0100905	-0.999949
					-36.2473	5.48299	-0.0812626
				}
				{VolumeView "wheell8.ply"}
			}
			{bone revolute "wheell7"
				{parameters "ID=trackleft;Radius=0.26;"}
				{Matrix34
					-1	0	0
					0	-0.999949	0.0100913
					0	-0.0100905	-0.999949
					-20.0875	5.48299	-0.0812664
				}
				{VolumeView "wheell7.ply"}
			}
		}
		{bone "wheelsR"
			{parameters "ID=trackright;"}
			{animation
				{sequence "break" {file "trackR_b.anm"}}
			}
			{Matrix34
				1	0	0
				0	-0.010091	-0.999949
				0	-0.999949	0.010091
				0.599107	-20.0294	12.2825
			}
			{VolumeView "wheelsr.ply"}
			{bone "trackR"
				{parameters "CommonMesh;ID=trackright;"}
				{Matrix34
					-1	0	0
					0	-1	0
					0	0	-1
					1.94075	-3.65136	-0.474735
				}
				{VolumeView "trackr.ply"}
			}
			{bone "fxtracer2"
				{Matrix34
					-1	0	0
					0	0	1
					0	-1	0
					-27.1403	12.2645	1.03793
				}
			}
			{bone "fxtracer3"
				{Matrix34
					-0.957597	-0.233445	0.168851
					0.173649	0	0.984808
					0.229899	-0.97237	-0.0405383
					-37.9358	12.2645	1.03792
				}
			}
			{bone "fxtracer1"
				{Matrix34
					-1	0	0
					0	0	1
					0	-1	0
					18.2828	12.2645	1.03791
				}
			}
			{bone revolute "wheelr8"
				{parameters "ID=trackright;Radius=0.26;"}
				{Matrix34
					-1	0	0
					0	-1	0
					0	0	1
					-36.2917	5.53196	-0.0621376
				}
				{VolumeView "wheelr8.ply"}
			}
			{bone revolute "wheelr4"
				{parameters "ID=trackright;Radius=0.26;"}
				{Matrix34
					-1	0	0
					0	-1	0
					0	0	1
					21.2489	5.53196	-0.06213
				}
				{VolumeView "wheelr4.ply"}
			}
			{bone revolute "wheelr7"
				{parameters "ID=trackright;Radius=0.26;"}
				{Matrix34
					-1	0	0
					0	-1	0
					0	0	1
					-20.1319	5.53196	-0.0621338
				}
				{VolumeView "wheelr7.ply"}
			}
			{bone revolute "wheelr6"
				{parameters "ID=trackright;Radius=0.26;"}
				{Matrix34
					-1	0	0
					0	-1	0
					0	0	1
					-7.621	5.53196	-0.0621338
				}
				{VolumeView "wheelr6.ply"}
			}
			{bone revolute "wheelr5"
				{parameters "ID=trackright;Radius=0.26;"}
				{Matrix34
					-1	0	0
					0	-1	0
					0	0	1
					8.69042	5.53196	-0.0621338
				}
				{VolumeView "wheelr5.ply"}
			}
			{bone revolute "wheelr3"
				{parameters "ID=trackright;Radius=0.26;"}
				{Matrix34
					-1	0	0
					0	-1	0
					0	0	1
					37.4217	5.53196	-0.06213
				}
				{VolumeView "wheelr3.ply"}
			}
		}
	}
}
