;Exported by: Руслан
;Date:        Sat Oct 26 17:25:52 2013
;File:        C:\Users\Руслан\Documents\3dsmax\scenes\flag_cour.max
{Skeleton
	{animation
		{sequence "flattern" {speed 0.2}}
	}
	{bone revolute "basis"
		{Orientation
			1	0	0
			0	-1	0
			0	0	1
		}
		{bone "flag_cour_01"
			{VolumeView "flag_cour_01.ply"}
		}
		{bone "bone08"
			{Matrix34
				0	0	-1
				0.0470292	-0.998894	0
				-0.998893	-0.0470292	0
				0	7.39561	70.7634
			}
			{bone "bone09"
				{Matrix34
					0.999547	-0.0299952	-0.00234485
					0.0299952	0.99955	-1.19199e-005
					0.00234415	-5.842e-005	0.999997
					16.2564	-1.23978e-005	0
				}
				{bone "bone10"
					{Matrix34
						0.999991	-0.00435607	0
						0.00435607	0.999991	0
						0	0	1
						18.2599	0	0
					}
				}
			}
		}
		{bone "bone11"
			{Matrix34
				0	-0.0392263	-0.99923
				0.0470292	-0.998125	0.0391829
				-0.998893	-0.046993	0.00184514
				0	-5.20821	70.7634
			}
			{bone "bone12"
				{Matrix34
					0.999958	0.00919282	-0.000499836
					-0.00919282	0.999958	0
					0.000499881	0	1
					16.2564	-1.14441e-005	0
				}
				{bone "bone13"
					{Matrix34
						0.999392	0.034829	0.00184393
						-0.034829	0.999393	-6.48597e-005
						-0.00184507	0	0.999998
						18.2599	0	0
					}
				}
			}
		}
	}
}
{Volume "body"
	{Box 3.99126 25.1217 48.4665}
	{Bone "basis"}
	{Position -0.754807	0.156122	44.0738}
}
