;Exported by: Kislov_A
;Date:        Wed Apr 14 11:38:55 2010
;File:        E:\Men of war red tide2\Art\Models\Structure\bridge_middle\brm.max
{Skeleton
	{bone "beams"
		{Orientation
			1	0	0
			0	-1	0
			0	0	1
		}
		{VolumeView "beams.ply"}
		{bone "road"
			{parameters "Land;Ground;"}
			{Position 0	-61.5396	0}
			{VolumeView "road.ply" {Ground}}
		}
	}
}
{Obstacle "rectangle01"
	{Obb2
		{Center -0.794281 -20.4007}
		{Extent 70.8096 1.22852}
		{Axis -1 0}
	}
	{Rotate}
}
{Obstacle "rectangle02"
	{Obb2
		{Center 0.0991745 20.3977}
		{Extent 71.8069 1.22852}
		{Axis -1 0}
	}
	{Rotate}
}
{Volume "body10"
	{Box 45.8374 3.14603 19.2669}
	{Bone "beams"}
	{Matrix34
		1	0	-0.000802711
		0	1	0
		0.000802711	0	1
		-1.5338	-17.1349	21.1579
	}
}
{Volume "body11"
	{Box 48.1997 3.14603 19.2669}
	{Bone "beams"}
	{Matrix34
		0.992964	0	-0.118417
		0	1	0
		0.118417	0	0.992964
		42.5854	-17.094	18.4403
	}
}
{Volume "body1"
	{Box 26.1972 43.3071 4.13017}
	{Bone "beams"}
	{Matrix34
		0.999149	0	0.041236
		0	1	0
		-0.041236	0	0.999149
		-12.5536	0.167664	10.4233
	}
}
{Volume "body2"
	{Box 23.9316 43.3071 4.13017}
	{Bone "beams"}
	{Matrix34
		0.993825	0	0.110956
		0	1	0
		-0.110956	0	0.993825
		-37.3743	0.227579	8.59434
	}
}
{Volume "body3"
	{Box 25.9145 43.3071 4.13017}
	{Bone "beams"}
	{Matrix34
		0.982984	0	0.183689
		0	1	0
		-0.183689	0	0.982984
		-61.5024	0.285369	4.90016
	}
}
{Volume "body4"
	{Box 21.862 43.3071 4.13017}
	{Bone "beams"}
	{Matrix34
		0.993996	0	-0.10942
		0	1	0
		0.10942	0	0.993996
		40.3558	0.169017	8.63148
	}
}
{Volume "body5"
	{Box 24.1492 43.3071 4.13017}
	{Bone "beams"}
	{Matrix34
		0.984472	0	-0.175541
		0	1	0
		0.175541	0	0.984472
		62.6931	0.170681	5.32543
	}
}
{Volume "body6"
	{Box 48.1997 3.14603 19.2669}
	{Bone "beams"}
	{Matrix34
		0.992964	0	-0.118417
		0	1	0
		0.118417	0	0.992964
		42.5854	17.2724	18.4403
	}
}
{Volume "body7"
	{Box 45.8374 3.14603 19.2669}
	{Bone "beams"}
	{Matrix34
		1	0	-0.000802711
		0	1	0
		0.000802711	0	1
		-1.5338	17.2724	21.1579
	}
}
{Volume "body8"
	{Box 43.155 3.14603 19.2669}
	{Bone "beams"}
	{Matrix34
		0.992725	0	0.120403
		0	1	0
		-0.120403	0	0.992725
		-44.5716	17.2724	18.6067
	}
}
{Volume "body9"
	{Box 43.155 3.14603 19.2669}
	{Bone "beams"}
	{Matrix34
		0.992725	0	0.120403
		0	1	0
		-0.120403	0	0.992725
		-44.5716	-17.0937	18.6067
	}
}
{Volume "body"
	{Box 29.5552 43.3071 4.13017}
	{Bone "beams"}
	{Matrix34
		0.999242	0	-0.0389389
		0	1	0
		0.0389389	0	0.999242
		14.8605	0.229495	10.3341
	}
}
