;Exported by: loskutov_k
;Date:        Wed May 12 11:12:43 2010
;File:        D:\_Vietnam\Art\Models\Houses\X\House_big_2_x\House_big_2_x.max
{Skeleton
	{bone "roofhold10_hb2_x"
		{Orientation
			1	0	0
			0	-1	0
			0	0	1
		}
		{bone "piece02"
			{Matrix34
				0	-1	0
				-0.486797	0	-0.873515
				0.873515	0	-0.486797
				-19.5874	-30.1945	14.1086
			}
			{VolumeView "piece02.ply"}
		}
		{bone "piece01"
			{Matrix34
				0	-1	0
				-0.486797	0	-0.873515
				0.873515	0	-0.486797
				0.73494	-39.9729	2.51111
			}
			{VolumeView "piece01.ply"}
		}
		{bone "piece03"
			{Matrix34
				0	-1	0
				-0.478146	0	-0.878281
				0.878281	0	-0.478146
				-18.6711	1.53546	13.0825
			}
			{VolumeView "piece03.ply"}
		}
		{bone "piece05"
			{Matrix34
				0	-1	0
				-0.478146	0	-0.878281
				0.878281	0	-0.478146
				0.453842	24.3267	2.54823
			}
			{VolumeView "piece05.ply"}
		}
		{bone "piece04"
			{Matrix34
				0	-1	0
				-0.478146	0	-0.878281
				0.878281	0	-0.478146
				-16.1756	40.9755	11.7239
			}
			{VolumeView "piece04.ply"}
		}
	}
}
{Volume "piece01"
	{Box 42.3206 21.258 1.88156}
	{Bone "piece01"}
	{Matrix34
		-1	0	0
		0	-0.0110279	-0.999939
		0	-0.999939	0.0110279
		-0.393303	0.160313	-2.30869
	}
}
{Volume "piece02"
	{Box 24.8945 21.258 1.88156}
	{Bone "piece02"}
	{Matrix34
		-1	0	0
		0	-0.0110279	-0.999939
		0	-0.999939	0.0110279
		-0.904617	-0.0568503	-2.48926
	}
}
{Volume "piece03"
	{Box 19.0123 19.8908 2.29152}
	{Bone "piece03"}
	{Matrix34
		1	0	0
		0	0	-1
		0	1	0
		-0.992867	0.247132	2.37735
	}
}
{Volume "piece04"
	{Box 19.0123 19.8908 2.29152}
	{Bone "piece04"}
	{Matrix34
		1	0	0
		0	0	-1
		0	1	0
		0.923004	0.247139	-0.464043
	}
}
{Volume "piece05"
	{Box 23.1951 21.4821 2.29152}
	{Bone "piece05"}
	{Matrix34
		1	0	0
		0	0	-1
		0	1	0
		0.882643	0.158951	-0.262138
	}
}
