;Exported by: loskutov_k
;Date:        Wed May 12 11:12:44 2010
;File:        D:\_Vietnam\Art\Models\Houses\X\House_big_2_x\House_big_2_x.max
{Skeleton
	{bone "roofhold1_hb2_x"
		{Orientation
			1	0	0
			0	-1	0
			0	0	1
		}
		{bone "piece04"
			{Matrix34
				-0.00107725	0.702838	-0.711349
				0.00714956	-0.711326	-0.702826
				-0.999974	-0.00584296	-0.00425871
				13.3916	19.2092	29.1673
			}
			{VolumeView "piece04.ply"}
		}
		{bone "piece03"
			{Matrix34
				-1	0	0
				0	-0.707107	-0.707107
				0	-0.707107	0.707107
				11.1627	4.62609	41.5533
			}
			{VolumeView "piece03.ply"}
		}
		{bone "piece02"
			{Matrix34
				1	0	0
				0	-0.644695	0.76444
				0	-0.76444	-0.644695
				-4.09402	-25.2812	24.5931
			}
			{VolumeView "piece02.ply"}
		}
		{bone "piece01"
			{Matrix34
				1	0	0
				0	-0.644695	0.76444
				0	-0.76444	-0.644695
				24.0001	-20.8025	26.7146
			}
			{VolumeView "piece01.ply"}
		}
		{bone "piece05"
			{Position -0.757156	1.0792	24.1263}
			{VolumeView "piece05.ply"}
		}
	}
}
{Volume "piece01"
	{Box 22.1561 23.809 1.88156}
	{Bone "piece01"}
	{Matrix34
		-1	0	0
		0	0.00135961	-0.999999
		0	-0.999999	-0.00135961
		0.135838	0.233552	-0.263265
	}
}
{Volume "piece02"
	{Box 22.1561 23.809 1.88156}
	{Bone "piece02"}
	{Matrix34
		-1	0	0
		0	0.00931746	-0.999957
		0	-0.999957	-0.00931746
		1.59867	0.234172	-0.136798
	}
}
{Volume "piece03"
	{Polyhedron "piece03.vol"}
	{Bone "piece03"}
	{Matrix34
		0	-0.707107	-0.707107
		0	-0.707107	0.707107
		-1	0	0
		23.4245	6.53348	0.735367
	}
}
{Volume "piece04"
	{Box 22.7884 44.3796 2.29509}
	{Bone "piece04"}
	{Matrix34
		1	0	0
		0	0.00846568	-0.999964
		0	0.999964	0.00846568
		-0.00765208	0.22627	1.14585
	}
}
{Volume "piece05"
	{Box 2.60522 2.69509 28.6651}
	{Bone "piece05"}
	{Matrix34
		1	0	0
		0	1	0
		0	0	1.21713
		0.0221176	-0.43203	-2.07778
	}
}
