;Exported by: Normand
;Date:        Wed May 14 12:53:08 2014
;File:        C:\Normand\Pak40_xx.max
{Skeleton
	{bone revolute "basis"
		{Orientation
			1	0	0
			0	-1	0
			0	0	1
		}
		{bone "body"
			{parameters "ID=body;"}
			{Matrix34
				0.999848	-0.000761393	0.0174356
				0	0.999048	0.0436194
				-0.0174522	-0.0436127	0.998896
				7.58593	0.0735631	6.33988
			}
			{VolumeView "body.ply"}
			{bone revolute "turret"
				{parameters "ID=turret;"}
				{limits -20 20}
				{speed 0.01}
				{Matrix34
					0.995398	-0.00410616	-0.0957382
					-0.00592716	0.99453	-0.10428
					0.0956428	0.104368	0.989929
					-3.5413	-0.0224762	7.78594
				}
				{VolumeView "turret.ply"}
				{bone revolute "gun_rot"
					{parameters "ID=gun;"}
					{limits -5 22}
					{speed 0.01}
					{Matrix34
						0.999657	0	0.0261769
						-0.026177	0	0.999657
						0	-1	0
						-0.71209	0.128525	2.23943
					}
					{VolumeView "gun_rot.ply"}
					{bone "gun"
						{parameters "CommonMesh;ID=gun;"}
						{Matrix34
							1	0	0
							0	0	-1
							0	1	0
							22.8893	0.253086	-0.355297
						}
						{VolumeView "gun.ply"}
					}
				}
			}
			{bone "part4"
				{parameters "ID=part4;"}
				{Matrix34
					0.438371	0.0387716	0.897957
					-0.0396262	0.998931	-0.0237864
					-0.89792	-0.0251554	0.439439
					7.74321	0.12691	-3.55343
				}
				{VolumeView "part4.ply"}
			}
			{bone "part1"
				{Position -6.76093	8.98915	0.36461}
				{VolumeView "part1.ply"}
			}
			{bone "pivot_front"
				{parameters "ID=body;"}
				{Matrix34
					1	-0.000761032	-1.66111e-005
					0.000761032	0.999048	0.0436127
					-1.65962e-005	-0.0436127	0.999049
					-3.50462	0.00975034	-0.990564
				}
				{VolumeView "pivot_front.ply"}
				{bone revolute "part2"
					{Matrix34
						-1	0	0
						0	0.267238	0.963631
						0	0.96363	-0.267238
						6.12284	19.6541	-0.712864
					}
					{VolumeView "part2.ply"}
				}
				{bone revolute "part3"
					{Matrix34
						-0.999987	0.00441444	0.00254869
						0.00507795	0.906314	0.422575
						-0.000444483	0.422582	-0.906325
						6.66114	-20.7704	3.78838
					}
					{VolumeView "part3.ply"}
				}
				{bone "wheelleft"
					{parameters "ID=wheelleft;Support=1;Radius=0.4;"}
					{Matrix34
						0.999848	0	-0.0174523
						0	1	0
						0.0174523	0	0.999848
						6.11859	19.0309	-0.4573
					}
				}
				{bone "wheelright"
					{parameters "ID=wheelright;Support=1;Radius=0.4;"}
					{Matrix34
						0.999848	0	-0.0174523
						0	1	0
						0.0174523	0	0.999848
						6.1186	-19.04	-0.457301
					}
				}
			}
			{bone "standr"
				{Position -6.7743	-8.9594	0.339777}
				{VolumeView "standr.ply"}
			}
			{bone "pivot_back"
				{Matrix34
					0.999848	0	-0.0174523
					0	1	0
					0.0174523	0	0.999848
					-51.7508	-0.918053	-0.462562
				}
			}
		}
	}
}
{Volume "body"
	{Polyhedron "body.vol"}
	{Bone "body"}
	{Matrix34
		0.999848	0	-0.0174524
		0.0174524	0	0.999848
		0	-1	0
		0.43645	-0.0735497	-0.792668
	}
}
{Volume "gun"
	{Polyhedron "gun.vol"}
	{Bone "gun"}
	{Matrix34
		0	1	0
		0	0	1
		1	0	0
		-42.3808	-0.525662	-0.126316
	}
}
{Volume "part1"
	{Cylinder 1.1811 49.2126}
	{Bone "part1"}
	{Matrix34
		0.421311	0.906471	0.0284022
		-0.0867584	0.00911024	0.996188
		0.902757	-0.42217	0.0824814
		-24.2797	11.2543	-2.37369
	}
}
{Volume "part2"
	{Polyhedron "wheelleft.vol"}
	{Bone "part2"}
	{Matrix34
		-0.999848	-0.0174522	0
		-0.0174522	0.999848	0
		0	0	-1
		0.0960789	-0.243574	0.81563
	}
}
{Volume "part3"
	{Polyhedron "wheelright.vol"}
	{Bone "part3"}
	{Matrix34
		-0.999848	-0.0174522	0
		-0.0174522	0.999848	0
		0	0	-1
		0.0470781	-0.194777	2.35095
	}
}
{Volume "part4"
	{Box 29.5276 6.88976 0.393701}
	{Bone "part4"}
	{Matrix34
		0	1	0
		0.0003708	0	1
		1	0	-0.000370741
		-0.289945	-0.134559	-3.16083
	}
}
{Volume "standr"
	{Cylinder 1.17388 49.2126}
	{Bone "standr"}
	{Matrix34
		-0.42767	0.899357	0.0908602
		-0.035693	-0.11724	0.992462
		0.90323	0.421203	0.0822404
		-24.2276	-11.0785	-2.33922
	}
}
{Volume "turret"
	{Polyhedron "turret.vol"}
	{Bone "turret"}
	{Matrix34
		0.999848	0	0.0174523
		-0.0174523	0	0.999848
		0	-1	0
		3.7623	15.7592	0.867067
	}
}
