;Exported by: loskutov_k
;Date:        Wed May 12 11:12:47 2010
;File:        D:\_Vietnam\Art\Models\Houses\X\House_big_2_x\House_big_2_x.max
{Skeleton
	{bone "roofhold7_hb2_x"
		{Orientation
			1	0	0
			0	-1	0
			0	0	1
		}
		{bone "piece05"
			{Position 0.0296631	-3.44522	26.8969}
			{VolumeView "piece05.ply"}
		}
		{bone "piece03"
			{Matrix34
				1	0	0
				0	-0.692563	0.721358
				0	-0.721358	-0.692563
				-23.9739	-27.0551	28.5914
			}
			{VolumeView "piece03.ply"}
		}
		{bone "piece01"
			{Matrix34
				-1	0	0
				0	-0.707107	-0.707107
				0	-0.707107	0.707107
				3.50226	0.152413	44.2222
			}
			{VolumeView "piece01.ply"}
		}
		{bone "piece02"
			{Matrix34
				1	0	0
				0	-0.690038	-0.723773
				0	0.723773	-0.690038
				-3.73379	18.925	27.963
			}
			{VolumeView "piece02.ply"}
		}
		{bone "piece04"
			{Matrix34
				1	0	0
				0	-0.692563	0.721358
				0	-0.721358	-0.692563
				4.53223	-23.8339	30.1053
			}
			{VolumeView "piece04.ply"}
		}
	}
}
{Volume "piece01"
	{Polyhedron "piece01.vol"}
	{Bone "piece01"}
	{Matrix34
		0	-0.707107	-0.707107
		0	-0.707107	0.707107
		-1	0	0
		23.4245	6.53348	0.735367
	}
}
{Volume "piece02"
	{Box 42.5807 27.9446 2.31305}
	{Bone "piece02"}
	{Matrix34
		-1	0	0
		0	6.54757e-005	-1
		0	-1	-6.54757e-005
		-0.244347	0.491045	-1.66764
	}
}
{Volume "piece03"
	{Box 23.0166 27.9446 2.31305}
	{Bone "piece03"}
	{Matrix34
		-1	0	0
		0	-0.00204116	-0.999998
		0	-0.999998	0.00204116
		-0.248261	0.482784	-0.0466964
	}
}
{Volume "piece04"
	{Box 23.0166 27.9446 2.31305}
	{Bone "piece04"}
	{Matrix34
		-1	0	0
		0	-0.00204116	-0.999998
		0	-0.999998	0.00204116
		0.716438	0.202	1.29538
	}
}
{Volume "piece05"
	{Box 2.60522 2.69509 28.6651}
	{Bone "piece05"}
	{Matrix34
		1	0	0
		0	1	0
		0	0	1.21713
		0.0221176	-0.43203	-2.07778
	}
}
