;Exported by: Руслан
;Date:        Sat Oct 26 17:25:50 2013
;File:        C:\Users\Руслан\Documents\3dsmax\scenes\flag_cour.max
{Skeleton
	{animation
		{sequence "flattern" {speed 0.2}}
	}
	{bone revolute "basis01"
		{Orientation
			1	0	0
			0	-1	0
			0	0	1
		}
		{bone "bone28"
			{Matrix34
				0	-0.0558523	-0.998439
				0.0470292	-0.997334	0.0557905
				-0.998893	-0.0469557	0.0026272
				0	-28.773	63.4997
			}
		}
		{bone "bone31"
			{Matrix34
				0	0	-1
				0.0470292	-0.998894	0
				-0.998893	-0.0470292	0
				0	-16.1692	63.4997
			}
			{bone "bone30"
				{Matrix34
					0.999547	-0.0299952	-0.00234485
					0.0299952	0.99955	-1.19199e-005
					0.00234415	-5.842e-005	0.999997
					16.2564	0	0
				}
			}
		}
		{bone "flag_cour_4"
			{Position 0	0.0310516	0}
			{VolumeView "flag_cour_4.ply"}
		}
		{bone "bone32"
			{Matrix34
				0	0	-1
				0.0470292	-0.998894	0
				-0.998893	-0.0470292	0
				0	7.0744	63.4997
			}
			{bone "bone35"
				{Matrix34
					0.999547	-0.0299952	-0.00234485
					0.0299952	0.99955	-1.19199e-005
					0.00234415	-5.842e-005	0.999997
					16.2564	-1.23978e-005	0
				}
			}
		}
		{bone "bone33"
			{Matrix34
				0	-0.0392263	-0.99923
				0.0470292	-0.998125	0.0391829
				-0.998893	-0.046993	0.00184514
				0	-5.52943	63.4997
			}
			{bone "bone34"
				{Matrix34
					0.999958	0.00919282	-0.000499836
					-0.00919282	0.999958	0
					0.000499881	0	1
					16.2564	-1.23978e-005	0
				}
			}
		}
		{bone "bone36"
			{Matrix34
				0	0	-1
				0.0470292	-0.998894	0
				-0.998893	-0.0470292	0
				0	31.7414	63.4997
			}
		}
		{bone "bone37"
			{Matrix34
				0	-0.0392263	-0.99923
				0.0470292	-0.998125	0.0391829
				-0.998893	-0.046993	0.00184514
				0	19.1375	63.4997
			}
			{bone "bone38"
				{Matrix34
					0.999958	0.00919282	-0.000499836
					-0.00919282	0.999958	0
					0.000499881	0	1
					16.2564	-1.14441e-005	0
				}
			}
		}
	}
}
{Volume "body"
	{Box 3.99126 68.8976 33.4646}
	{Bone "basis01"}
	{Position -0.754807	-0.487854	46.4926}
}
