;Exported by: dp
;Date:        Wed Oct 24 20:20:38 2012
;File:        C:\Users\dp\Desktop\DesktopArch15\ML20_new1_x.max
{Skeleton
	{bone "basis"
		{Orientation
			1	0	0
			0	-1	0
			0	0	1
		}
		{bone "body"
			{parameters "ID=body;"}
			{Matrix34
				0.999994	0.00349065	0
				-0.00349055	0.999964	-0.00777688
				-2.71464e-005	0.00777683	0.99997
				-0.120695	0.02735	11.2084
			}
			{VolumeView "body.ply"}
			{bone revolute "turret"
				{parameters "ID=turret;"}
				{limits -29 29}
				{speed 0.004}
				{Matrix34
					1	0	0
					0	0.992097	-0.125477
					0	0.125477	0.992097
					-3.68059e-005	0.0413974	6.79352
				}
				{VolumeView "turret.ply"}
				{bone revolute "gun_rot"
					{parameters "ID=gun;"}
					{limits -2 65}
					{Matrix34
						0.776724	0	-0.629841
						0.629841	0	0.776724
						0	-1	0
						-8.01816	-0.0616576	2.30739
					}
					{VolumeView "gun_rot.ply"}
					{bone "gun"
						{parameters "ID=gun;"}
						{Matrix34
							-0.629381	0.777078	0.00544194
							-0.000851862	-0.00769287	0.99997
							0.777096	0.629357	0.00550371
							-30.8481	-15.6372	-0.434695
						}
						{VolumeView "gun.ply"}
						{bone "visor"
							{Matrix34
								-0.000596195	0	1
								-0.0102042	-0.999948	0
								0.999948	-0.0102042	0.000595897
								3.72994	3.44906	30.5813
							}
						}
					}
				}
				{bone "part2"
					{parameters "ID=turret;"}
					{Position -0.000291862	-0.0836097	0}
					{VolumeView "shield.ply"}
				}
			}
			{bone "standl"
				{parameters "ID=body;"}
				{Matrix34
					0.958603	0.284746	0
					-0.284746	0.958603	0
					0	0	1
					-4.26894	9.23035	-0.982879
				}
				{VolumeView "standl.ply"}
				{bone "standl1"
					{parameters "ID=body;"}
					{VolumeView "standl1.ply"}
				}
			}
			{bone "standr"
				{parameters "ID=body;"}
				{Position -4.37398	-9.71183	-0.98288}
				{VolumeView "standr.ply"}
				{bone "standr1"
					{parameters "ID=body;"}
					{VolumeView "standr1.ply"}
				}
			}
		}
		{bone "pivot_front"
			{parameters "ID=pivot_front;"}
			{Matrix34
				0.999994	0.00349065	0
				-0.00347589	0.995764	-0.0918777
				-0.000320713	0.0918772	0.99577
				-0.120695	0.0273501	10.3595
			}
			{VolumeView "pivot_front.ply"}
			{bone "part1"
				{parameters "ID=wheelleft;Support=1;Radius=0.6;"}
				{Matrix34
					-0.999998	-0.00182405	0
					0.00102252	-0.560576	0.828103
					-0.0015105	0.828101	0.560576
					-0.321094	18.2438	0.565739
				}
				{VolumeView "part1.ply"}
			}
			{bone "wheelr"
				{parameters "ID=wheelright;"}
				{Matrix34
					-0.999998	-0.00182405	0
					-0.000417731	0.229012	0.973423
					-0.00177558	0.973422	-0.229013
					-0.450199	-18.6651	-0.287999
				}
				{VolumeView "wheelr.ply"}
			}
		}
	}
}
{Volume "body1"
	{Box 30.1 1.5 1.5}
	{Bone "body"}
	{Matrix34
		-0.00349108	-0.999994	0
		0	0	1
		-0.999994	0.00349108	0
		-0.613573	-0.328987	-0.629139
	}
}
{Volume "body"
	{Box 10.7634 15.2042 2.48385}
	{Bone "body"}
	{Matrix34
		0.999994	-0.00349044	0
		0.00349044	0.999994	0
		0	0	1
		4.0985	0.111066	0.708176
	}
}
{Volume "gun_rot"
	{Box 57.5899 7.63623 5.409}
	{Bone "gun_rot"}
	{Matrix34
		0.77672	0.629837	0.00349044
		0.00271121	0.00219829	-0.999994
		-0.629841	0.776724	0
		0.958385	2.50139	0.105877
	}
}
{Volume "gun"
	{Polyhedron "gun.vol"}
	{Bone "gun"}
	{Matrix34
		0.00544003	0.999983	0.00201273
		0.999985	-0.00543882	-0.000610198
		-0.000599244	0.00201602	-0.999998
		0.0509739	-0.199364	76.1045
	}
}
{Volume "standl"
	{Polyhedron "standl.vol"}
	{Bone "standl"}
	{Matrix34
		0.928585	-0.324753	0.179626
		0.330019	0.943974	0.000601041
		-0.169757	0.0587218	0.983735
		-30.4531	10.8835	-8.21725
	}
}
{Volume "standr"
	{Polyhedron "standr.vol"}
	{Bone "standr"}
	{Matrix34
		0.927016	0.329204	0.179626
		-0.33475	0.942307	0.000601047
		-0.169065	-0.0606869	0.983735
		-30.4738	-10.7037	-8.2287
	}
}
{Volume "part2"
	{Polyhedron "turret1.vol"}
	{Bone "part2"}
	{Matrix34
		-0.00349108	-0.999994	0
		0	0	1
		-0.999994	0.00349108	0
		-4.23955	-0.222014	7.91424
	}
}
{Volume "turret2"
	{Polyhedron "turret2.vol"}
	{Bone "turret"}
	{Matrix34
		-0.00349108	-0.999994	0
		0	0	1
		-0.999994	0.00349108	0
		0.13737	-0.111918	2.18925
	}
}
{Volume "part1"
	{Cylinder 12.3 5}
	{Bone "part1"}
	{Matrix34
		-0.999986	-6.07084e-005	-0.00531146
		0	0.999934	-0.0114945
		0.00531181	-0.0114944	-0.99992
		-0.0873013	-0.0533312	0.15757
	}
}
{Volume "wheelright"
	{Cylinder 12.3 5}
	{Bone "wheelr"}
	{Matrix34
		-0.999986	-6.07084e-005	-0.00531146
		0	0.999934	-0.0114945
		0.00531181	-0.0114944	-0.99992
		-0.200518	0.015752	-0.0511107
	}
}
