;Exported by: Loskutov_K
;Date:        Fri Mar 26 15:10:18 2010
;File:        D:\_Vietnam\Art\Models\Houses\X\House_small_2\x_hs2.max
{Skeleton
	{bone "roofhold_hs2_x"
		{Orientation
			1	0	0
			0	-1	0
			0	0	1
		}
		{bone "piece09"
			{Matrix34
				0	1	0
				-1	0	0
				0	0	1
				41.1399	-0.1056	-1.18652
			}
			{VolumeView "piece09.ply"}
		}
		{bone "piece11"
			{Matrix34
				0	1	0
				-1	0	0
				0	0	1
				-39.3804	-0.183568	4.58011
			}
			{VolumeView "piece11.ply"}
		}
		{bone "piece04"
			{Matrix34
				-1	0	0
				0	-0.707107	-0.707107
				0	-0.707107	0.707107
				27.7392	10.6571	11.7447
			}
			{VolumeView "piece04.ply"}
		}
		{bone "piece05"
			{Matrix34
				-1	0	0
				0	-0.707107	-0.707107
				0	-0.707107	0.707107
				-12.3175	11.9887	10.413
			}
			{VolumeView "piece05.ply"}
		}
		{bone "piece06"
			{Matrix34
				-1	0	0
				0	-0.707107	-0.707107
				0	-0.707107	0.707107
				-41.2988	13.9979	8.40387
			}
			{VolumeView "piece06.ply"}
		}
		{bone "piece08"
			{Matrix34
				-1	0	0
				0	-0.707107	-0.707107
				0	-0.707107	0.707107
				-13.1345	32.1444	-9.78606
			}
			{VolumeView "piece08.ply"}
		}
		{bone "piece07"
			{Matrix34
				-1	0	0
				0	-0.707107	-0.707107
				0	-0.707107	0.707107
				22.5976	32.4375	-10.0778
			}
			{VolumeView "piece07.ply"}
		}
		{bone "piece01"
			{Matrix34
				1	0	0
				0	0.707107	-0.707107
				0	0.707107	0.707107
				-27.5234	-11.276	11.4894
			}
			{VolumeView "piece01.ply"}
		}
		{bone "piece02"
			{Matrix34
				1	0	0
				0	0.707107	-0.707107
				0	0.707107	0.707107
				32.4631	-13.7087	8.98531
			}
			{VolumeView "piece02.ply"}
		}
		{bone "piece03"
			{Matrix34
				1	0	0
				0	0.707107	-0.707107
				0	0.707107	0.707107
				-0.628004	-34.4896	-11.8591
			}
			{VolumeView "piece03.ply"}
		}
		{bone "piece10"
			{Matrix34
				0	1	0
				0	0	-1
				-1	0	0
				19.8293	-0.00649643	19.0856
			}
			{VolumeView "piece10.ply"}
		}
	}
}
{Volume "piece01"
	{Box 42.3649 22.0491 1.79006}
	{Bone "piece01"}
	{Matrix34
		1	0	0
		0	-0.00612234	0.999981
		0	-0.999981	-0.00612234
		0.70413	0.0335985	-4.65472
	}
}
{Volume "piece02"
	{Box 26.2662 43.6571 1.79006}
	{Bone "piece02"}
	{Matrix34
		1	0	0
		0	-0.00612234	0.999981
		0	-0.999981	-0.00612234
		-0.349927	-0.138531	-2.64287
	}
}
{Volume "piece03"
	{Box 21.013 25.306 1.79006}
	{Bone "piece03"}
	{Matrix34
		1	0	0
		0	-0.00612234	0.999981
		0	-0.999981	-0.00612234
		-0.81844	-0.016721	1.0452
	}
}
{Volume "piece04"
	{Box 42.8665 25.306 1.79006}
	{Bone "piece04"}
	{Matrix34
		-1	0	0
		0	-0.00664121	0.999978
		0	0.999978	0.00664121
		-0.19943	0.0122974	-0.544528
	}
}
{Volume "piece05"
	{Box 18.4326 25.306 1.79006}
	{Bone "piece05"}
	{Matrix34
		-1	0	0
		0	-0.00664121	0.999978
		0	0.999978	0.00664121
		-0.209713	0.0123003	1.33873
	}
}
{Volume "piece06"
	{Box 18.4326 25.306 1.79006}
	{Bone "piece06"}
	{Matrix34
		-1	0	0
		0	-0.00664121	0.999978
		0	0.999978	0.00664121
		-1.61457	0.146545	2.92731
	}
}
{Volume "piece07"
	{Box 25.0683 25.306 1.79006}
	{Bone "piece07"}
	{Matrix34
		-1	0	0
		0	-0.00664121	0.999978
		0	0.999978	0.00664121
		1.32062	0.172625	0.441614
	}
}
{Volume "piece08"
	{Box 18.4326 25.306 1.79006}
	{Bone "piece08"}
	{Matrix34
		-1	0	0
		0	-0.00664121	0.999978
		0	0.999978	0.00664121
		0.303793	0.171633	0.0280728
	}
}
{Volume "piece09"
	{Box 1.47307 1.47307 34.781}
	{Bone "piece09"}
	{Matrix34
		0	-1	0
		1	0	0
		0	0	1
		-0.0336104	0.0363541	-0.318655
	}
}
{Volume "piece10"
	{Box 1.32812 1.55639 33.3468}
	{Bone "piece10"}
	{Matrix34
		1	0	0
		0	-1	0
		0	0	-1
		-0.0733733	-0.0956061	-0.964368
	}
}
{Volume "piece11"
	{Box 1.47307 1.47307 23.9989}
	{Bone "piece11"}
	{Matrix34
		0	-1	0
		1	0	0
		0	0	1
		0.0443604	-0.0291061	-0.669696
	}
}
