;Exported by: Normand
;Date:        Mon Oct 13 09:02:39 2014
;File:        C:\Users\Normand\Pz38t_xx.max
{Skeleton
	{bone revolute "basis"
		{Orientation
			1	0	0
			0	-1	0
			0	0	1
		}
		{bone "wheelsr"
			{parameters "wheelsR;"}
			{Matrix34
				-1	0	0
				0	1	0
				0	0	1
				-3.29304	-15.0346	9.17564
			}
			{VolumeView "wheelsr.ply"}
			{bone revolute "wheelr5"
				{parameters "ID=trackRight;Radius=0.38;"}
				{Matrix34
					-1	0	0
					0	0	-1
					0	1	0
					25.5629	-2.49951	-0.828609
				}
				{VolumeView "wheelr5.ply"}
			}
			{bone revolute "wheelr4"
				{parameters "ID=trackRight;Radius=0.38;"}
				{Matrix34
					-1	0	0
					0	0.165048	-0.986286
					0	0.986286	0.165048
					9.11662	-2.49951	-0.828609
				}
				{VolumeView "wheelr4.ply"}
			}
			{bone revolute "wheelr2"
				{parameters "ID=trackRight;Radius=0.38;"}
				{Matrix34
					-1	0	0
					0	0	-1
					0	1	0
					-25.6521	-2.49949	-0.828609
				}
				{VolumeView "wheelr2.ply"}
			}
		}
		{bone "wheelsl"
			{parameters "wheelsL;"}
			{Matrix34
				-1	0	0
				0	1	0
				0	0	1
				-3.29304	15.197	9.17564
			}
			{VolumeView "wheelsl.ply"}
			{bone revolute "part4"
				{parameters "ID=trackleft;Radius=0.38;"}
				{Matrix34
					-1	0	0
					0	0.0958461	-0.995396
					0	0.995396	0.0958461
					9.1197	2.26309	-0.828614
				}
				{VolumeView "part4.ply"}
			}
			{bone revolute "wheell2"
				{parameters "ID=trackleft;Radius=0.38;"}
				{Matrix34
					-0.996195	0.0871562	0
					0	0	-1
					0.0871562	0.996195	0
					-25.6569	2.49949	-0.828613
				}
				{VolumeView "wheell2.ply"}
			}
		}
		{bone "body"
			{parameters "ID=body;"}
			{Matrix34
				0.998135	-0.00213082	-0.0610114
				0	0.999391	-0.034899
				0.0610486	0.0348339	0.997527
				 -2.42864	0.081192	19.2988
			}
			{VolumeView "body.ply"}
			{bone revolute "mgun_rot2"
				{limits -15 15}
				{Matrix34
					1	0	0
					0	0	1
					0	-1	0
					27.4808	3.09083	4.84571
				}
				{bone revolute "mgun2"
					{limits -15 15}
					{Matrix34
						1	0	0
						0	0	-1
						0	1	0
						0.00309372	0.00594711	-0.00754237
					}
					{VolumeView "mgun2.ply"}
				}
			}
			{bone "antena1"
				{Position 31.6272	14.925	5.23389}
				{VolumeView "antena1.ply"}
				{bone "antena2"
					{Position -0.382128	0.0138245	10.6489}
					{VolumeView "antena2.ply"}
					{bone "antena3"
						{Position -0.69306	0.00853729	6.5924}
						{VolumeView "antena3.ply"}
						{bone "antena4"
							{Position -1.37657	0.00841522	6.47886}
							{VolumeView "antena4.ply"}
						}
					}
				}
			}
			{bone "engine"
				{parameters "ID=engine;"}
				{Position -24.5493	-0.0316305	6.01695}
				{VolumeView "engine.ply"}
				{bone "engine_cover1"
					{parameters "ID=engine;"}
					{Matrix34
						0.999999	0	0.00133514
						0	1	0
						-0.00133514	0	0.999999
						7.36398	5.03244	2.43932
					}
					{VolumeView "engine_cover1.ply"}
				}
				{bone "engine_cover2"
					{parameters "ID=engine;"}
					{Matrix34
						0.999999	0	0.00133514
						0	1	0
						-0.00133514	0	0.999999
						7.65112	-5.04549	2.45077
					}
					{VolumeView "engine_cover2.ply"}
				}
			}
			{bone revolute "turret"
				{parameters "ID=turret;"}
				{Matrix34
					0.999975	-0.00713104	0
					0.00713104	0.999974	-0.00145817
					1.03853e-005	0.00145813	0.999999
					7.70088	0.000537619	10.2571
				}
				{VolumeView "turret.ply"}
				{bone revolute "gun_rot"
					{parameters "ID=gun;"}
					{limits -7 15}
					{Matrix34
						0.999975	0.00713106	1.04597e-005
						0	-0.00145813	0.999999
						0.00713105	-0.999974	-0.0014581
						13.339	0.0323647	5.54098
					}
					{VolumeView "gun_rot.ply"}
					{bone "gun"
						{parameters "ID=gun;"}
						{Matrix34
							0.999975	0	0.00713104
							0.00713103	-0.00145831	-0.999974
							1.04597e-005	0.999999	-0.00145831
							14.1226	-1.05685	0.00850184
						}
						{VolumeView "gun.ply"}
					}
				}
				{bone socket "mgun"
					{parameters "ID=turret;"}
					{limits 10}
					{Matrix34
						0.999975	0.00713104	1.04449e-005
						-0.00713104	0.999974	0.00145813
						0	-0.00145817	0.999999
						11.2173	-5.77535	5.39109
					}
					{VolumeView "mgun.ply"}
				}
				{bone "door"
					{parameters "ID=turret;"}
					{Matrix34
						0.696958	0.717041	-0.0101224
						-0.00303464	0.0170642	0.99985
						0.717106	-0.696822	0.0140689
						-3.24105	0.847661	13.7974
					}
					{VolumeView "door.ply"}
				}
			}
			{bone "cover1"
				{Matrix34
					-1	0	0
					0	1	0
					0	0	1
					32.667	0.12273	1.26698
				}
				{VolumeView "cover.ply"}
			}
			{bone revolute "part3"
				{parameters "ID=trackRight;Radius=0.34;"}
				{Matrix34
					0.990304	-0.138808	-0.00544928
					-0.00426473	0.0088297	-0.999952
					0.138849	0.99028	0.00815211
					37.2021	-17.2609	-5.36242
				}
				{VolumeView "part3.ply"}
			}
			{bone revolute "wheelr7"
				{parameters "ID=trackRight;Radius=0.11;"}
				{Matrix34
					1	0	0
					0	0	-1
					0	1	0
					-0.755545	-17.2019	-3.2514
				}
				{VolumeView "wheelr7.ply"}
			}
			{bone revolute "wheelr6"
				{parameters "ID=trackRight;Radius=0.26;"}
				{Matrix34
					0.993596	0.112937	0.00355959
					0.00434205	-0.0066831	-0.999968
					-0.11291	0.99358	-0.00713068
					-37.9114	-17.434	-9.48879
				}
				{VolumeView "wheelr6.ply"}
			}
			{bone revolute "wheell8"
				{parameters "ID=trackleft;Radius=0.11;"}
				{Matrix34
					1	0	0
					0	0	-1
					0	1	0
					16.5675	17.2019	-2.17423
				}
				{VolumeView "wheell8.ply"}
			}
			{bone revolute "wheell1"
				{parameters "ID=trackleft;Radius=0.34;"}
				{Matrix34
					0.999983	-0.00585123	0.000280384
					-0.000280686	-0.0956674	-0.995413
					0.00585122	0.995396	-0.0956674
					37.2021	17.2609	-5.36243
				}
				{VolumeView "wheell1.ply"}
			}
			{bone revolute "part5"
				{parameters "ID=trackleft;Radius=0.26;"}
				{Matrix34
					0.997573	0.0695891	0.00228596
					0.00258246	-0.0041712	-0.999988
					-0.0695788	0.997567	-0.00434078
					-37.9114	17.6948	-9.48879
				}
				{VolumeView "part5.ply"}
			}
		}
	}
}
{Volume "body1"
	{Polyhedron "body1.vol"}
	{Bone "body"}
	{Position 9.82868	-0.0197709	3.79479}
}
{Volume "body2"
	{Polyhedron "body2.vol"}
	{Bone "body"}
	{Position -0.0937219	-0.0197738	-4.90455}
}
{Volume "engine"
	{Polyhedron "engine.vol"}
	{Bone "engine"}
	{Position -0.751213	1.88858	-7.89031}
}
{Volume "gun"
	{Cylinder 1.05 20}
	{Bone "gun"}
	{Matrix34
		0.00713087	-0.999973	-0.00145839
		0	-0.00145839	0.999999
		-0.999975	-0.00713086	-1.05564e-005
		-0.275996	0.0234464	0.0503972
	}
}
{Volume "mantlet"
	{Box 5 3.39489 5.5}
	{Bone "gun_rot"}
	{Matrix34
		1	0	0
		0	0	-1
		0	1	0
		2.74064	0.156242	-0.0175595
	}
}
{Volume "part3"
	{Cylinder 7.0031 4.50933}
	{Bone "part3"}
	{Position -0.00149167	-0.000273327	0.00925517}
}
{Volume "part4"
	{Cylinder 7.98791 2.20675}
	{Bone "part4"}
	{Position 0	0.00488034	-0.362081}
}
{Volume "part5"
	{Cylinder 5.47117 4.69722}
	{Bone "part5"}
	{Position -0.0259553	0.0678877	-0.377373}
}
{Volume "turret"
	{Polyhedron "turret.vol"}
	{Bone "turret"}
	{Matrix34
		0.999975	0.00713104	1.04449e-005
		-0.00713104	0.999974	0.00145813
		0	-0.00145817	0.999999
		-2.686	0.115922	0.154278
	}
}
{Volume "wheelr4"
	{Cylinder 7.98791 2.20675}
	{Bone "wheelr4"}
	{Position 0	0.00488034	-0.362081}
}
{Volume "wheelr2"
	{Cylinder 7.98791 2.20675}
	{Bone "wheelr2"}
	{Position 0	0.00488034	-0.362081}
}
{Volume "wheell2"
	{Cylinder 7.98791 2.20675}
	{Bone "wheell2"}
	{Position 0	0.00488034	-0.362081}
}