;Exported by: trax
;Date:        Thu Oct 11 21:05:59 2012
;File:        C:\Users\trax\Documents\3dsmax\scenes\M3A1 White Scout Car\m3a1_x.max
{Skeleton
	{bone "basis"
		{Orientation
			1	0	0
			0	-1	0
			0	0	1
		}
		{bone "body"
			{parameters "ID=Body;"}
			{animation
				{sequence "break" {file "body_b.anm"} {speed 0.6}}
			}
			{Position 0.467848	-0.059055	23.0572}
			{VolumeView "body.ply"}
			{bone "engine"
				{parameters "CommonMesh;ID=Engine;"}
				{animation
					{sequence "break" {file "engine_b.anm"} {speed 0.6}}
				}
				{Position 27.7684	-0.10018	1.24609}
				{VolumeView "engine.ply"}
			}
			{bone "doorl"
				{parameters "CommonMesh;ID=Body;"}
				{Position 9.45321	15.4889	3.37049}
				{VolumeView "doorl.ply"}
				{bone "shieldl2"
					{parameters "ID=shieldl2;"}
					{Position -8.48353	1.68642	5.92395}
					{VolumeView "shieldl2.ply"}
				}
			}
			{bone "doorr"
				{parameters "CommonMesh;ID=Body;"}
				{Position 9.38715	-15.5331	3.37051}
				{VolumeView "doorr.ply"}
				{bone "shieldr3"
					{parameters "ID=shieldr3;"}
					{Position -8.41747	-1.66781	5.92395}
					{VolumeView "shieldr3.ply"}
				}
			}
			{bone "shieldl1"
				{parameters "ID=shieldl1;"}
				{Position 7.35519	0.0326765	12.3542}
				{VolumeView "shieldl1.ply"}
			}
			{bone revolute "steer"
				{Matrix34
					0	1	0
					0.5	0	0.866026
					0.866026	0	-0.5
					13.7567	10.1465	-1.92968
				}
				{bone "steer_w"
					{parameters "ID=Body;"}
					{Matrix34
						0	0.5	0.866025
						1	0	0
						0	0.866025	-0.5
						0	0	0
					}
					{VolumeView "steer_w.ply"}
				}
			}
			{bone "detail7"
				{Matrix34
					-0.113962	0.00140445	0.993484
					0.965567	-0.235241	0.111092
					0.233864	0.971936	0.0254523
					8.32156	16.2051	-11.4495
				}
				{VolumeView "detail7.ply"}
			}
			{bone "detail2"
				{Matrix34
					0	0	-1
					-0.965926	-0.258819	0
					0.258819	-0.965926	0
					3.32179	-17.1389	-8.28114
				}
				{VolumeView "detail2.ply"}
			}
			{bone "detail5"
				{Matrix34
					0.968293	0.249816	0
					0	0	1
					0.249816	-0.968293	0
					13.957	-16.2415	0.47257
				}
				{VolumeView "detail5.ply"}
			}
			{bone "detail6"
				{Matrix34
					-0.0179681	0.00355984	0.999832
					0.972434	-0.232461	0.0183033
					0.232487	0.972599	0.000715158
					3.70184	17.142	-9.1637
				}
				{VolumeView "detail6.ply"}
			}
			{bone "detail8"
				{Matrix34
					0	-1	0
					0.713224	0	0.700936
					-0.700936	0	0.713224
					23.1534	-15.4782	-6.07508
				}
				{VolumeView "detail8.ply"}
			}
			{bone "detail10"
				{Matrix34
					0.0140924	0	-0.999901
					0	1	0
					-0.999901	0	-0.0140924
					-51.4928	-10.6074	-2.82255
				}
				{VolumeView "detail10.ply"}
			}
			{bone "detail3"
				{Position -51.1958	-0.22834	-10.4009}
				{VolumeView "detail3.ply"}
			}
			{bone "detail4"
				{Matrix34
					0.968293	-0.249816	0
					0	0	1
					0.249816	0.968293	0
					13.957	16.0659	0.47257
				}
				{VolumeView "detail4.ply"}
			}
			{bone "detail9"
				{Matrix34
					0.10815	-0.0553942	0.99259
					0.980341	0.171687	-0.0972332
					-0.165028	0.983593	0.0728731
					-52.2075	-9.35173	4.73059
				}
				{VolumeView "detail9.ply"}
			}
			{bone "detail11"
				{Matrix34
					-0.00842874	-1.72099e-005	-0.999964
					-0.0214939	0.999769	0.000163967
					0.999733	0.0214946	-0.00842716
					-52.332	13.3133	-0.816477
				}
				{VolumeView "detail11.ply"}
			}
			{bone "detail12"
				{Matrix34
					-0.00843626	0.999889	0.0122638
					-0.0217591	-0.0124449	0.999686
					0.999728	0.00816676	0.0218617
					-52.332	4.04836	0.625229
				}
				{VolumeView "detail12.ply"}
			}
			{bone revolute "front_mgun"
				{parameters "ID=Body;"}
				{limits -25 25}
				{speed 0.05}
				{Position 3.10152	-2.97345	15.3763}
				{VolumeView "front_mgun.ply"}
			}
			{bone revolute "left_mgun"
				{parameters "ID=Body;"}
				{limits -30 30}
				{speed 0.05}
				{Matrix34
					0	1	0
					-1	0	0
					0	0	1
					-13.8713	16.7343	11.3565
				}
				{VolumeView "left_mgun.ply"}
			}
			{bone revolute "back_mgun"
				{parameters "ID=Body;"}
				{limits -30 30}
				{speed 0.05}
				{Matrix34
					-1	0	0
					0	-1	0
					0	0	1
					-47.2187	-7.92801	9.08122
				}
				{VolumeView "back_mgun.ply"}
			}
		}
		{bone "pivot_front"
			{parameters "ID=pivot_front;"}
			{Position 36.6182	-0.0471025	8.03784}
			{VolumeView "pivot_front.ply"}
			{bone revolute "steerl"
				{Matrix34
					1	0	0
					0	-1	0
					0	0	-1
					-0.0131989	15.6322	-0.0777521
				}
				{bone revolute "wheell1"
					{parameters "ID=wheelleft1;"}
					{Matrix34
						1	0	0
						0	0.0348991	0.999391
						0	-0.999391	0.0348991
						0.0888748	-0.192122	-0.0371375
					}
					{VolumeView "wheell1.ply"}
				}
			}
			{bone revolute "steerr"
				{Matrix34
					1	0	0
					0	-1	0
					0	0	-1
					-0.0131989	-15.7384	-0.0777521
				}
				{bone revolute "wheelr1"
					{parameters "ID=wheelright1;"}
					{Matrix34
						1	0	0
						0	-0.0348996	0.999391
						0	-0.999391	-0.0348996
						0.0509109	0.120481	-0.0474496
					}
					{VolumeView "wheelr1.ply"}
				}
			}
			{bone "springl"
				{parameters "ID=Body;"}
				{Position -38.9877	-0.0412275	15.2343}
				{VolumeView "springl.ply"}
			}
			{bone "springr"
				{parameters "ID=Body;"}
				{Position -38.9877	-0.0412275	15.2343}
				{VolumeView "springr.ply"}
			}
		}
		{bone "pivot_back"
			{parameters "ID=pivot_back;"}
			{Position -28.9626	-0.0470978	8.03784}
			{VolumeView "pivot_back.ply"}
			{bone revolute "wheell2"
				{parameters "ID=wheelleft2;"}
				{Matrix34
					1	0	0
					0	0	-1
					0	1	0
					0.0577259	16.217	-0.0406418
				}
				{VolumeView "wheell2.ply"}
			}
			{bone revolute "wheelr2"
				{parameters "ID=wheelright2;"}
				{Matrix34
					1	0	0
					0	0	-1
					0	1	0
					0.0198021	-16.2516	-0.0302763
				}
				{VolumeView "wheelr2.ply"}
			}
			{bone "springl1"
				{parameters "ID=Body;"}
				{Position 26.5931	-0.0412322	15.2343}
				{VolumeView "springl1.ply"}
			}
			{bone "springr1"
				{parameters "ID=Body;"}
				{Position 26.5931	-0.0412322	15.2343}
				{VolumeView "springr1.ply"}
			}
		}
	}
}
{Volume "wheelleft1"
	{Cylinder 8.59073 5.82026}
	{Bone "wheell1"}
	{Matrix34
		-0.914197	-0.405024	-0.0141438
		0.405271	-0.91364	-0.0319048
		0	-0.0348994	0.999391
		-0.123897	-0.00298449	-0.0183809
	}
}
{Volume "wheelleft2"
	{Cylinder 8.59073 5.82026}
	{Bone "wheell2"}
	{Matrix34
		-0.914197	-0.40527	0
		0.40527	-0.914197	0
		0	0	1
		-0.0252532	-0.00365146	0.310787
	}
}
{Volume "wheelright1"
	{Cylinder 8.59073 5.82026}
	{Bone "wheelr1"}
	{Matrix34
		-0.914197	-0.405024	0.0141439
		0.405271	-0.91364	0.031905
		0	0.0348995	0.999391
		-0.0859288	0.00948589	0.0800097
	}
}
{Volume "wheelright2"
	{Cylinder 8.59073 5.82026}
	{Bone "wheelr2"}
	{Matrix34
		-0.914197	-0.405271	0
		0.405271	-0.914197	0
		0	0	1
		0.0126728	0.00671726	0.472969
	}
}
