;Exported by: Ve2al
;Date:        Thu Apr 18 14:44:59 2013
;File:        C:\Users\Ve2al\Documents\3dsmax\scenes\Tanks\KV-1_1942\KV-1_1942_õx.max
{Skeleton
	{bone "basis"
		{Orientation
			1	0	0
			0	-1	0
			0	0	1
		}
		{bone "body"
			{parameters "ID=body;"}
			{Matrix34
				0.99863	-0.00121713	-0.0523147
				-0.000608815	0.999392	-0.0348729
				0.0523253	0.034857	0.998022
				-2.09151	0	18.9439
			}
			{VolumeView "body_su.ply"}
			{bone revolute "turret"
				{limits -6 6}
				{Matrix34
					1	0	0
					0	1	1.5503e-005
					0	-1.5503e-005	1
					49.4956	-3.992	13.7405
				}
				{bone revolute "gun_rot"
					{parameters "ID=gun;"}
					{limits -5 18}
					{Matrix34
						1	0	0
						0	0.00296075	0.999996
						0	-0.999996	0.00296075
						0.139183	0.0806127	1.30608
					}
					{VolumeView "gun_rot_su.ply"}
					{bone "gun"
						{parameters "ID=gun;"}
						{Matrix34
							-1.96531e-005	0.00294495	-0.999996
							-0.00982647	0.999947	0.002945
							0.999952	0.00982649	0
							-17.6614	-0.807053	-0.423932
						}
						{VolumeView "gun_su.ply"}
					}
				}
			}
			{bone "hull"
				{parameters "ID=body;"}
				{Position 14.1165	-0.610148	-1.3183}
				{VolumeView "hull.ply"}
				{bone "door_commander"
					{parameters "ID=body;"}
					{Matrix34
						7.51059e-005	0.00965329	0.999953
						-0.541544	-0.840633	0.00815592
						0.840672	-0.54152	0.00516455
						9.54577	1.5864	25.377
					}
					{VolumeView "door_commander.ply"}
				}
				{bone "door_gunner"
					{parameters "ID=body;"}
					{Matrix34
						-0.128179	-0.991751	0
						-0.00270186	0.000349173	0.999996
						-0.991747	0.128179	-0.00272433
						12.067	-5.0459	25.377
					}
					{VolumeView "door_gunner.ply"}
				}
				{bone "hutch1"
					{parameters "ID=body;"}
					{Matrix34
						1	0	0
						0	-0.00328497	0.999995
						0	-0.999995	-0.00328497
						-10.2097	6.81989	25.3796
					}
					{VolumeView "hutch1_su.ply"}
				}
				{bone "hutch2"
					{parameters "ID=body;"}
					{Matrix34
						0.999996	0.0017766	0.00200844
						-0.00198765	-0.0116235	0.99993
						0.00179982	-0.999931	-0.0116199
						-22.9935	7.55889	18.0266
					}
					{VolumeView "hutch2_su.ply"}
				}
				{bone "enumerator"
					{parameters "ID=enumerator;"}
					{Matrix34
						0.90395	0.425308	-0.0445812
						-0.248118	0.606527	0.755356
						0.348299	-0.671743	0.653796
						13.61	-23.5274	18.7299
					}
					{VolumeView "enumerator_su.ply"}
				}
			}
			{bone revolute "wheelr1"
				{parameters "ID=trackRight;Radius=0.44;"}
				{Matrix34
					1	0	0
					0	0	-1
					0	-1	0
					57.3014	-26.1542	-3.58227
				}
				{VolumeView "wheelr1.ply"}
			}
			{bone revolute "wheelr8"
				{parameters "ID=trackRight;Radius=0.32;"}
				{Matrix34
					1	0	0
					0	0	-1
					0	-1	0
					-53.7911	-26.1542	-5.15223
				}
				{VolumeView "wheelr8.ply"}
			}
			{bone revolute "wheelr10"
				{parameters "ID=trackleft;"}
				{Matrix34
					1	0	0
					0	0	-1
					0	-1	0
					-3.80731	-26.2625	-0.321207
				}
				{VolumeView "wheelr10.ply"}
			}
			{bone revolute "wheell11"
				{parameters "ID=trackleft;Radius=0.32;"}
				{Matrix34
					1	0	0
					0	0	-1
					0	1	0
					-37.1805	26.2625	-0.321217
				}
				{VolumeView "wheell11.ply"}
			}
			{bone revolute "wheell8"
				{parameters "ID=trackleft;Radius=0.32;"}
				{Matrix34
					1	0	0
					0	0	-1
					0	1	0
					-53.7911	26.1583	-5.15222
				}
				{VolumeView "wheell8.ply"}
			}
			{bone revolute "wheell9"
				{parameters "ID=trackleft;Radius=0.32;"}
				{Matrix34
					1	0	0
					0	0	-1
					0	1	0
					31.7735	26.2625	-0.321203
				}
				{VolumeView "wheell9.ply"}
			}
			{bone revolute "wheelr11"
				{parameters "ID=trackleft;"}
				{Matrix34
					1	0	0
					0	0	-1
					0	-1	0
					-37.1941	-26.2625	-0.321217
				}
				{VolumeView "wheelr11.ply"}
			}
			{bone "engine"
				{parameters "CommonMesh;ID=engine;"}
				{Position -49.1303	0	8.30232}
				{VolumeView "engine_s.ply"}
			}
			{bone "fuel2"
				{Position -38.92	-27.3071	11.8925}
				{VolumeView "fuel4.ply"}
			}
			{bone "fuel1"
				{Position -38.6291	26.8755	11.9963}
				{VolumeView "fuel3.ply"}
			}
			{bone "fuel3"
				{Position -17.8741	-27.3071	11.8925}
				{VolumeView "fuel4.ply"}
			}
			{bone "fuel4"
				{Position -17.5832	26.8755	11.9963}
				{VolumeView "fuel3.ply"}
			}
		}
		{bone "wheelsl"
			{parameters "ID=trackleft;"}
			{Matrix34
				1	0	0
				0	0	-1
				0	1	0
				-1.94875	0	15.5817
			}
			{VolumeView "wheelsl.ply"}
			{bone revolute "wheell2"
				{parameters "ID=trackleft;Radius=0.42;"}
				{Matrix34
					1	0	0
					0	1	0
					0	0	1
					43.7937	8.96878	26.1583
				}
				{VolumeView "wheell2.ply"}
			}
			{bone revolute "wheell5"
				{parameters "ID=trackleft;Radius=0.42;"}
				{Matrix34
					1	0	0
					0	1	0
					0	0	1
					-8.90456	8.96878	26.1583
				}
				{VolumeView "wheell5.ply"}
			}
			{bone revolute "wheell6"
				{parameters "ID=trackleft;Radius=0.42;"}
				{Matrix34
					1	0	0
					0	1	0
					0	0	1
					-25.1443	8.96878	26.1584
				}
				{VolumeView "wheell6.ply"}
			}
			{bone revolute "wheell7"
				{parameters "ID=trackleft;Radius=0.42;"}
				{Matrix34
					1	0	0
					0	1	0
					0	0	1
					-39.8115	8.96878	26.1584
				}
				{VolumeView "wheell7.ply"}
			}
			{bone "trackl"
				{parameters "ID=trackleft;"}
				{Matrix34
					-1	0	0
					0	-1	0
					0	0	1
					-3.83659	-0.766489	26.1918
				}
				{VolumeView "trackl.ply"}
			}
		}
		{bone "wheelsr"
			{parameters "ID=trackright;"}
			{Matrix34
				1	0	0
				0	0	-1
				0	-1	0
				-1.94875	0	15.5817
			}
			{VolumeView "wheelsr.ply"}
			{bone revolute "wheelr3"
				{parameters "ID=trackRight;Radius=0.42;"}
				{Matrix34
					1	0	0
					0	1	0
					0	0	1
					29.0232	8.96879	26.1542
				}
				{VolumeView "wheelr3.ply"}
			}
			{bone revolute "wheelr4"
				{parameters "ID=trackRight;Radius=0.42;"}
				{Matrix34
					1	0	0
					0	1	0
					0	0	1
					11.0447	8.96879	26.1542
				}
				{VolumeView "wheelr4.ply"}
			}
			{bone revolute "wheelr5"
				{parameters "ID=trackRight;Radius=0.42;"}
				{Matrix34
					1	0	0
					0	1	0
					0	0	1
					-6.1861	8.96879	26.1542
				}
				{VolumeView "wheelr5.ply"}
			}
			{bone revolute "wheelr7"
				{parameters "ID=trackRight;Radius=0.42;"}
				{Matrix34
					1	0	0
					0	1	0
					0	0	1
					-37.093	8.96879	26.1543
				}
				{VolumeView "wheelr7.ply"}
			}
			{bone "trackr"
				{parameters "ID=trackright;"}
				{Matrix34
					-1	0	0
					0	-1	0
					0	0	1
					-3.83656	-0.766483	26.1725
				}
				{VolumeView "trackr.ply"}
			}
		}
	}
}
{Volume "body1"
	{Polyhedron "body1.vol"}
	{Bone "body"}
	{Position 17.0596	0.00574803	7.4252}
}
{Volume "body2"
	{Polyhedron "body2_su.vol"}
	{Bone "body"}
	{Position 8.77455	0.00564885	-4.69977}
}
{Volume "body3"
	{Polyhedron "body3_su.vol"}
	{Bone "body"}
	{Position 8.77455	0.00564921	-12.2205}
}
{Volume "crew"
	{Box 29.7938 23.3434 12.0458}
	{Bone "body"}
	{Matrix34
		1	0	0
		0	1	0
		0	0	1
		1.99827	-5.53369	-0.346939
	}
}
{Volume "engine"
	{Polyhedron "engine.vol"}
	{Bone "engine"}
	{Position 31.4146	-8.60304	-4.58024}
}
{Volume "gun"
	{Polyhedron "gun_su.vol"}
	{Bone "gun"}
	{Matrix34
		0	1	0
		1	0	0
		0	0	-1
		-0.0674782	0.025109	32.2442
	}
}
{Volume "inventory"
	{Box 14.3604 6.62486 8.21523}
	{Bone "body"}
	{Matrix34
		1	0	0
		0	1	0
		0	0	1
		-4.18318	-13.0171	-0.846007
	}
}
{Volume "mantlet"
	{Polyhedron "mantlet_su.vol"}
	{Bone "gun_rot"}
	{Position 5.49658	0.435928	-5.68311}
}
{Volume "trackleft"
	{Polyhedron "trackleft.vol"}
	{Bone "wheelsl"}
	{Position -5.77831	3.55771	20.2475}
}
{Volume "trackright"
	{Polyhedron "trackright.vol"}
	{Bone "wheelsr"}
	{Matrix34
		1	0	0
		0	0	-1
		0	-1	0
		-5.77827	3.47928	20.1634
	}
}

