;MDL File generated by SOEdit
;Model created by: Aubesangante
;PLY Geometry by: <insert modeler name>
;VOL Geometry by: <insert modeler name>
{Skeleton
    {Animation
        ;{sequence "recoil" {speed 0.1}}
    }
    {bone revolute "Basis"
        {speed 0.0050}
        {Orientation
            1.0000 0.0000 0.0000
            0.0000 -1.0000 0.0000
            0.0000 0.0000 1.0000
        }
        {position 0 0 0.61}
        {bone "emit1"
            {Matrix34
                0.9063 -0.4227 0.0000
                0.4227 0.9063 0.0000
                0.0000 0.0000 1.0000
                -17.3464 9.5771 -0.4252
            }
            {visibility 0}
        }
        {bone "emit2"
            {Matrix34
                0.7815 0.6238 0.0000
                -0.6238 0.7815 0.0000
                0.0000 0.0000 1.0000
                -16.5904 -8.1534 -0.4446
            }
            {visibility 0}
        }
     
        {bone "Body"
            {parameters "ID=body;"}
            {Animation
              ; {sequence "repair" {file "body_r.anm"}}
            }
            {Matrix34
                0.9998 -0.0175 0.0000
                0.0175 0.9998 0.0000
                0.0000 0.0000 1.0000
                -59.3499 -2.5000 0.6016
            }
           {VolumeView "Body.ply"}
           
            {bone "visor1"
	    {Matrix34
		1	0	0
		0	0	1
		0	-1	0
		0.132628	-0.360642	-10.79023
	    }
	     }


            {bone "link1"
			{Matrix34
				-1	0	0
				0	-1	0
				0	0	1
				26.569	0.0643066	16.8912
			}
            }


            {bone  revolute "WheelL"
               {parameters "ID=wheelleft;Support=2;Radius=0.4;"}
                {Matrix34
                    -1.0000 0.0000 0.0000
                    0.0000 0.0000 1.0000
                    0.0000 1.0000 0.0000
                    59.4028 16.5479 9.0833
                }
                {position  61.0028 11.0479 7.0833}
               
              {bone "1"
                {Matrix34
                   0.66 0 0
                   0 0.66  0
                   0 0 1.3
                   0 0 0
               }
                {VolumeView "WheelL_1.ply"}
                {bone "fxtracel1"
		 {Matrix34
			-1	0	0
			0	-1	0
			0	0	1
			0.76208	-6.8952	0.85592
		}
	     }
              }
            }
            {bone "WheelR"
               {parameters "ID=wheelright"}
                {Matrix34
                    -1.0000 0.0000 0.0000
                    0.0000 0.0000 1.0000
                    0.0000 -1.0000 0.0000
                    59.7229 -16.4892 9.0833
                }
                {VolumeView "Wheelr.ply"}
            }
            {bone revolute "WheelRR"
                {parameters "ID=wheelleft;Support=2;Radius=0.4;"}
                {Matrix34
                    -1.0000 0.0000 0.0000
                    0.0000 0.0000 1.0000
                    0.0000 -1.0000 0.0000
                    59.4029 -16.3292 9.0833
                }
                {position  61.0028 -4.2979 7.0833}
               

                   {bone "2"
                {Matrix34
                   0.66  0 0
                   0 0.66  0
                   0 0 -1.3
                   0 0 0
               }
               {VolumeView "Wheelr_1.ply"}
                {bone "fxtracer1"
		 {Matrix34
			-1	0	0
			0	-1	0
			0	0	1
			0.76208	-6.8952	-0.85592
		}
	     }
           }
            }
            {bone "commander"
                {Matrix34
                    0.7923 0.6101 0.0010
                    -0.6101 0.7923 -0.0023
                    -0.0022 0.0012 1.0000
                    43.0984 -4.8633 -0.9327
                }
            }
            {bone "driver1"
                {Matrix34
                    0.7923 0.6101 0.0010
                    -0.6101 0.7923 -0.0023
                    -0.0022 0.0012 1.0000
                    43.0984 -4.8633 -0.9327
                }
            }
            {bone "seat1"
                {Matrix34
                    0.7923 0.6101 0.0010
                    -0.6101 0.7923 -0.0023
                    -0.0022 0.0012 1.0000
                    43.0984 -4.8633 -0.9327
                }
            }
            {bone "gunner"
                {Matrix34
                    0.9063 -0.4225 0.0085
                    0.4226 0.9063 -0.0107
                    -0.0032 0.0133 0.9999
                    41.7941 12.6509 -0.9968
                }
            }
             {bone "driver2"
                {Matrix34
                    0.9063 -0.4225 0.0085
                    0.4226 0.9063 -0.0107
                    -0.0032 0.0133 0.9999
                    41.7941 12.6509 -0.9968
                }
            }
             {bone "seat2"
                {Matrix34
                    0.9063 -0.4225 0.0085
                    0.4226 0.9063 -0.0107
                    -0.0032 0.0133 0.9999
                    41.7941 12.6509 -0.9968
                }
            }
            {bone revolute "Turret"
                {parameters "ID=turret;"}
                {Animation
                    ;{sequence "repair" {file "turret_r.anm"}}
                }
                {limits -20.0000 20.0000}
                {speed 0.0100}
                {Matrix34
                    1.0000 0.0000 0.0000
                    0.0000 0.0000 -1.0000
                    0.0000 1.0000 0.0000
                    59.8792 0.0318 12.7928
                }
                {VolumeView "Turret.ply"}
                {bone "Visor"
                    {Matrix34
                        0.9998 -0.0175 -0.0087
                        0.0087 0.0000 1.0000
                        -0.0175 -0.9998 0.0002
                        -3.3873 -12.5632 5.8501
                    }
                }
            }
            {bone revolute "gun_rot"
             
                {parameters "ID=gun;"}
                {limits -18.0000 40.0000}
                {speed 0.0050}
                {Matrix34
                    1.0000 0.0000 0.0000
                    0.0000 0.0000 -1.0000
                    0.0000 1.0000 0.0000
                    59.6972 0.0000 11.9060
                }
                {VolumeView "gun_rot.ply"}
               {bone "gun"
                {bone "gun_1"
                    {parameters "ID=gun;"}
                    {Matrix34
                        1.0000 0.0000 0.0000
                        0.0000 0.0000 1.0000
                        0.0000 -1.0000 0.0000
                        22.3589 -6.5605 0.4618
                    }
                    {VolumeView "gun.ply"}
                    {bone "Foresight1"
                        {Matrix34
                            1.0000 -0.0001 -0.0087
                            0.0000 1.0000 -0.0096
                            0.0087 0.0096 0.9999
                            -3.6626 3.2254 -1.2203
                        }
                    }
                  
                 }
              }
            }
          
        }
    }
}
{Obstacle "Obstacle4"
    {Obb2
        {Center 1.8216 -0.0489}
        {Extent 11.6239 11.9974}
        {Axis 0 1}
    }
    {Rotate}
}
{Volume "gun"
    {Cylinder 0.80525 76.43350}
    {Bone "gun_rot"}
    {Matrix34
        0.0000 0.0002 2.1620
        -0.0361 -2.2006 0.0001
        0.3558 0.0001 0.0000
        -0.6619 -5.1852 3.6330
    }
}
{Volume "turret"
    {Box 1.2998 41.6915 33.5279}
    {Bone "Turret"}
    {Matrix34
        0.5287 -0.2027 0.0000
        0.0000 0.0000 0.3738
        -0.1915 -0.5395 0.0000
        -2.6542 -6.4142 3.2600
    }
}
{Volume "wheelright"
    {Cylinder 10.78520 3.72717}
    {Bone "WheelRR"}
    {Matrix34
        0.7775 0.0000 0.0000
        0.0000 0.7727 -0.0054
        0.0000 0.0037 0.5295
        1.6002 -1.9939 -11.1733
    }
}
{Volume "wheelleft"
    {Cylinder 10.78210 4.39142}
    {Bone "WheelL"}
    {Matrix34
        0.7749 0.0000 -0.0070
        0.0000 0.7714 0.0000
        0.0148 0.0000 0.4404
        -1.4147 -2.0217 -4.5357
    }
}
{Volume "body2"
    {Cylinder 2.33309 65.73090}
    {Bone "Body"}
    {Matrix34
        0.0450 -0.4737 -0.0219
        0.1629 0.0414 -0.5586
        0.5877 0.0602 0.1760
        40.7690 -3.6045 5.2815
    }
}
{Volume "body1"
    {Cylinder 2.33309 65.73090}
    {Bone "Body"}
    {Matrix34
        0.0471 0.5961 0.0187
        -0.1641 -0.0044 0.5555
        0.5957 -0.0523 0.1755
        40.5687 10.7057 5.0729
    }
}
