;Exported by: Loskutov_K
;Date:        Fri Apr 09 12:28:14 2010
;File:        D:\_Vietnam\Art\Models\Anturage\x\risovibivalka_x\risovibivalkax.max
{Skeleton
	{bone "body_x"
		{Orientation
			1	0	0
			0	-1	0
			0	0	1
		}
		{bone "piece03"
			{Matrix34
				0	1	0
				-0.924702	0	-0.380691
				-0.380691	0	0.924702
				-0.143144	-9.51509	20.5024
			}
			{VolumeView "piece03.ply"}
		}
		{bone "piece01"
			{Matrix34
				-0.380691	0	0.924702
				-0.924702	0	-0.380691
				0	-1	0
				6.5676	3.02841	4.20556
			}
			{VolumeView "piece01.ply"}
		}
		{bone "piece02"
			{Matrix34
				0.380691	0	-0.924702
				-0.924702	0	-0.380691
				0	1	0
				-4.7129	-0.166405	31.6024
			}
			{VolumeView "piece02.ply"}
		}
		{bone "piece04"
			{Position -2.15227	-9.47006	8.92008}
			{VolumeView "piece04.ply"}
		}
		{bone "piece06"
			{Position -0.936653	9.14652	11.7133}
			{VolumeView "piece06.ply"}
		}
		{bone "piece05"
			{Matrix34
				1	0	0
				0	0	-1
				0	1	0
				-1.46138	-8.06654	19.2567
			}
			{VolumeView "piece05.ply"}
		}
		{bone "fx_wood1a"
			{Position -0.00666165	-0.133903	-1.86302}
		}
	}
}
{Volume "piece01"
	{Polyhedron "piece01.vol"}
	{Bone "piece01"}
	{Matrix34
		-1	0	0
		0	0	-1
		0	-1	0
		4.24762	0.42051	0.174309
	}
}
{Volume "piece02"
	{Box 1.23553 14.9422 0.772208}
	{Bone "piece02"}
	{Matrix34
		1	0	0
		0	0	1
		0	-1	0
		-0.00561713	-0.0267709	0.0668124
	}
}
{Volume "piece03"
	{Box 19.2666 1.08109 0.852494}
	{Bone "piece03"}
	{Matrix34
		0	0	-1
		1	0	0
		0	-1	0
		0.0138702	-0.00709876	0.291224
	}
}
{Volume "piece04"
	{Box 1.09665 1.09665 14.2488}
	{Bone "piece04"}
	{Position -0.00666165	-0.133903	-1.86302}
}
{Volume "piece05"
	{Box 1.09665 1.09665 10.4016}
	{Bone "piece05"}
	{Position 0.113766	-0.175518	-0.69124}
}
{Volume "piece06"
	{Box 1.09665 1.09665 14.2488}
	{Bone "piece06"}
	{Position -0.00734127	-0.0972662	-2.1127}
}
