;Exported by: Mauzer
;Date:        Fri Feb 11 22:36:36 2011
;File:        E:\Autodesk\Low poly\freelance\DMS\Tanks\Pzkpfw V G 'Panther'\Panther G.max
{Skeleton
	{animation
		{sequence "start" {speed 0.7}}
		{sequence "stop" {speed 0.7}}
		{sequence "fire" {file "fire_jagd.anm"} {speed 0.3}}
		{sequence "hit" {speed 0.5}}
		{sequence "antenna" {speed 0.7}}
		{sequence "open" {file "open_jagd.anm"} {resume}}
	}
	{bone revolute "basis"
		{limits -0 0}
		{Orientation
			1	0	0
			0	-1	0
			0	0	1
		}
		{extension "/properties/new_components.ext"}
		{bone "body"
			{parameters "ID=body;"}
			{animation
				{sequence "repair" {file "body_r.anm"} {speed 0.6}}
			}
			{Position -7.091	0.4155	23.1225}
			{VolumeView "body_jagd.ply"}
			{bone "mantlet"
				{Position -0.438866	1.24069	4.59649}
				{VolumeView "mantlet_jagd.ply"}
			}
			{bone "enumerator"
				{parameters "ID=enumerator;"}
				{Position 6.95922	-0.0835118	19.8025}
				{VolumeView "enumerator.ply"}
			}
			{bone "antenna1"
				{Position -16.7454	-12.7994	27.5712}
				{VolumeView "antenna1.ply"}
				{bone "antenna2"
					{Position -0.00980377	-0.00510216	11.9523}
					{VolumeView "antenna2.ply"}
					{bone "antenna3"
						{Position -0.00982285	-0.00514984	11.98}
						{VolumeView "antenna3.ply"}
						{bone "antenna4"
							{Position -0.00492096	-0.00255585	5.98856}
							{VolumeView "antenna4.ply"}
						}
					}
				}
			}
			{bone "hull_top"
				{Position 6.69402	0.00688177	26.1889}
				{VolumeView "hull_top_jagd.ply"}
				{bone "cover2"
					{Matrix34
						0.945162	-0.319028	-0.0699321
						0.318158	0.947745	-0.0235406
						0.0737879	0	0.997274
						0.761024	-14.5577	0.421101
					}
					{VolumeView "cover2_jagd.ply"}
				}
				{bone "cover1"
					{Matrix34
						0.945162	-0.319028	-0.0699321
						0.318158	0.947745	-0.0235406
						0.0737879	0	0.997274
						4.48163	-3.87083	0.126278
					}
					{VolumeView "cover1_jagd.ply"}
				}
				{bone "cover4"
					{Matrix34
						0.945162	-0.319028	-0.0699321
						0.318158	0.947745	-0.0235406
						0.0737879	0	0.997274
						-15.67	7.90157	1.69014
					}
					{VolumeView "cover4_jagd.ply"}
				}
				{bone "cover3"
					{Matrix34
						0.945162	-0.319028	-0.0699321
						0.318158	0.947745	-0.0235406
						0.0737879	0	0.997274
						-13.9763	12.9462	1.56868
					}
					{VolumeView "cover3_jagd.ply"}
				}
			}
			{bone "fxlight"
				{Position 72.7211	23.9309	8.50619}
			}
			{bone "headlightl"
				{Position 59.2603	23.8814	8.50619}
			}
			{bone "visor2"
				{Position 45.9166	13.8034	16.0721}
			}
			{bone revolute "turret"
				{limits -10 10}
				{Position 33.9793	-0.341937	17.2002}
				{bone revolute "gun_rot"
					{limits -5 25}
					{Matrix34
						1	0	0
						0	0	1
						0	-1	0
						1.10656	0.14609	-0.0466995
					}
					{VolumeView "gun_rot_jagd.ply"}
					{bone "gun"
						{parameters "ID=gun;"}
						{animation
							{sequence "repair" {file "gun_r.anm"} {speed 0.4}}
						}
						{Matrix34
							1	0	0
							0	0	-1
							0	1	0
							23.6273	1.02943	-0.402555
						}
						{VolumeView "gun_jagd.ply"}
						{bone "foresight1"
							{Position 65.2089	-0.235126	-1.79287}
						}
						{bone "visor1"
							{Position 22.8029	-0.50355	1.85863}
						}
					}
				}
			}
			{bone revolute "mgun_turret"
				{limits -15 15}
				{Position 42.9892	-16.8916	13.8813}
				{bone revolute "mgun"
					{limits -15 15}
					{Matrix34
						1	0	0
						0	0	1
						0	-1	0
						0.678989	0.0850563	-0.230293
					}
					{VolumeView "mgun_jagd.ply"}
					{bone "foresight3"
						{Matrix34
							1	0	0
							0	0	-1
							0	1	0
							9.25737	0.179779	0.687054
						}
					}
				}
			}
			{bone "detail5"
				{Position 16.3298	-29.4948	9.39422}
				{VolumeView "detail5.ply"}
			}
			{bone "detail6"
				{Matrix34
					1	1.19209e-005	1.3264e-005
					1.19209e-005	-1	0
					-1.3264e-005	0	1
					-36.9512	28.9325	13.0402
				}
				{VolumeView "detail6.ply"}
			}
			{bone "hatch"
				{parameters "ID=body;"}
				{Position -22.5734	-0.183827	15.2925}
				{VolumeView "hatch.ply"}
			}
			{bone "shieldl1"
				{parameters "ID=shieldL1;"}
				{Position 60.3549	25.0768	1.77633}
				{VolumeView "shieldl1.ply"}
			}
			{bone "shieldr1"
				{parameters "ID=shieldR1;"}
				{Position 60.3549	-25.0669	1.77634}
				{VolumeView "shieldr1.ply"}
			}
			{bone "fxsmoke1"
				{Matrix34
					-0.461256	0.000533004	0.887267
					-0.0135449	0.999879	-0.00764212
					-0.887164	-0.0155429	-0.461192
					-64.6004	6.89721	13.3586
				}
			}
			{bone "fxsmoke2"
				{Matrix34
					-0.453034	-0.00439318	0.891483
					-0.0239816	0.999686	-0.00726059
					-0.891171	-0.0246685	-0.452997
					-64.636	-6.98011	13.4978
				}
			}
			{bone "fxshot"
				{Matrix34
					0	1	0
					-1	0	0
					0	0	1
					11.6874	0.474739	-13.6929
				}
			}
			{bone "seat02"
				{Matrix34
					0.104528	-0.994522	0
					0.994522	0.104528	0
					0	0	1
					-39.4623	-27.8343	7.09706
				}
			}
			{bone "seat01"
				{Matrix34
					-0.12187	-0.992546	0
					0.992546	-0.12187	0
					0	0	1
					-25.9996	-27.8343	7.10185
				}
			}
			{bone revolute "seat04"
				{Matrix34
					-0.0871547	0.996195	0
					-0.996195	-0.0871547	0
					0	0	1
					-37.5865	26.8364	7.09709
				}
			}
			{bone "seat03"
				{Matrix34
					0.0523361	0.99863	0
					-0.99863	0.0523361	0
					0	0	1
					-24.4461	26.8364	7.10188
				}
			}
			{bone "fxfire1"
				{Matrix34
					0	0	1
					0	1	0
					-1	0	0
					-36.0059	0.0671539	12.461
				}
			}
			{bone "engine"
				{parameters "ID=engine;"}
				{animation
					{sequence "repair" {file "engine_r.anm"}}
				}
				{Position -39.9994	0.000449419	15.3886}
				{VolumeView "engine.ply"}
			}
			{bone revolute "wheell1"
				{parameters "ID=trackleft;Radius=0.44;"}
				{Matrix34
					0.97237	0	0.233445
					0.233445	0	-0.97237
					0	1	0
					57.4577	25.462	-7.38739
				}
				{VolumeView "wheell1.ply"}
			}
			{bone revolute "wheell10"
				{parameters "ID=trackleft;Radius=0.32;"}
				{Matrix34
					0.92388	0	0.382683
					0.382683	0	-0.92388
					0	1	0
					-44.2035	25.8204	-9.06864
				}
				{VolumeView "wheell10.ply"}
			}
			{bone revolute "wheelr1"
				{parameters "ID=trackRight;Radius=0.44;"}
				{Matrix34
					0.878817	0	-0.477159
					-0.477159	0	-0.878817
					0	-1	0
					57.4577	-25.4521	-7.38739
				}
				{VolumeView "wheelr1.ply"}
			}
			{bone revolute "wheelr10"
				{parameters "ID=trackRight;Radius=0.32;"}
				{Matrix34
					0.833886	0	0.551937
					0.551937	0	-0.833886
					0	-1	0
					-44.2034	-25.8105	-9.06864
				}
				{VolumeView "wheelr10.ply"}
			}
			{bone "shieldr6"
				{parameters "ID=shieldR6;"}
				{Position -41.0188	-32.3471	-0.962969}
				{VolumeView "shieldr6.ply"}
			}
			{bone "shieldr2"
				{parameters "ID=shieldR2;"}
				{Position 48.0059	-32.5411	-0.962967}
				{VolumeView "shieldr2.ply"}
			}
			{bone "shieldr3"
				{parameters "ID=shieldR3;"}
				{Position 25.4691	-32.3244	-0.962967}
				{VolumeView "shieldr3.ply"}
			}
			{bone "shieldr5"
				{parameters "ID=shieldR5;"}
				{Position -18.9111	-32.327	-0.962967}
				{VolumeView "shieldr5.ply"}
			}
			{bone "shieldr4"
				{parameters "ID=shieldR4;"}
				{Position 3.3472	-32.3471	-0.962967}
				{VolumeView "shieldr4.ply"}
			}
			{bone "shieldl2"
				{parameters "ID=shieldL2;"}
				{Position 48.0058	32.6441	-0.962967}
				{VolumeView "shieldl2.ply"}
			}
			{bone "shieldl3"
				{parameters "ID=shieldL3;"}
				{Position 25.4691	32.357	-0.962967}
				{VolumeView "shieldl3.ply"}
			}
			{bone "shieldl4"
				{parameters "ID=shieldL4;"}
				{Position 3.3472	32.1924	-0.962967}
				{VolumeView "shieldl4.ply"}
			}
			{bone "shieldl5"
				{parameters "ID=shieldL5;"}
				{Position -18.9111	32.4851	-0.962967}
				{VolumeView "shieldl5.ply"}
			}
			{bone "shieldl6"
				{parameters "ID=shieldL6;"}
				{Position -41.0188	32.3176	-0.962967}
				{VolumeView "shieldl6.ply"}
			}
			{bone "detail4"
				{Position 2.86919	29.0233	10.5901}
				{VolumeView "detail4.ply"}
			}
			{bone "detail3"
				{Position 34.6159	29.0364	6.85785}
				{VolumeView "detail3.ply"}
			}
			{bone "detail1"
				{Position 29.0902	-29.1212	7.62788}
				{VolumeView "detail1.ply"}
			}
			{bone "detail2"
				{Position -8.55611	-27.6562	10.0929}
				{VolumeView "detail2.ply"}
			}
		}
		{bone "wheelsr"
			{parameters "wheelsR;"}
			{Position 50.3682	-20.0961	15.6621}
			{VolumeView "wheelsr.ply"}
			{bone revolute "wheelr2"
				{parameters "ID=trackRight;Radius=0.42;"}
				{Matrix34
					1	0	0
					0	0	-1
					0	-1	0
					-14.3983	-5.90233	-6.20783
				}
				{VolumeView "wheelr2.ply"}
			}
			{bone revolute "wheelr3"
				{parameters "ID=trackRight;Radius=0.42;"}
				{Matrix34
					0.930418	0	-0.366501
					-0.366501	0	-0.930418
					0	-1	0
					-25.1238	-5.02278	-6.20783
				}
				{VolumeView "wheelr3.ply"}
			}
			{bone revolute "wheelr4"
				{parameters "ID=trackRight;Radius=0.42;"}
				{Matrix34
					1	0	0
					0	0	-1
					0	-1	0
					-35.933	-5.90233	-6.20783
				}
				{VolumeView "wheelr2.ply"}
			}
			{bone revolute "wheelr5"
				{parameters "ID=trackRight;Radius=0.42;"}
				{Matrix34
					0.930418	0	0.366501
					0.366501	0	-0.930418
					0	-1	0
					-46.6586	-5.02278	-6.20783
				}
				{VolumeView "wheelr3.ply"}
			}
			{bone revolute "wheelr6"
				{parameters "ID=trackRight;Radius=0.42;"}
				{Matrix34
					0.887011	0	-0.461749
					-0.461749	0	-0.887011
					0	-1	0
					-57.5542	-5.90233	-6.20783
				}
				{VolumeView "wheelr2.ply"}
			}
			{bone revolute "wheelr7"
				{parameters "ID=trackRight;Radius=0.42;"}
				{Matrix34
					0.998135	0	0.0610485
					0.0610485	0	-0.998135
					0	-1	0
					-68.2797	-5.02278	-6.20783
				}
				{VolumeView "wheelr3.ply"}
			}
			{bone revolute "wheelr8"
				{parameters "ID=trackRight;Radius=0.42;"}
				{Matrix34
					0.979925	0	-0.199368
					-0.199368	0	-0.979925
					0	-1	0
					-79.1313	-5.90233	-6.20783
				}
				{VolumeView "wheelr2.ply"}
			}
			{bone revolute "wheelr9"
				{parameters "ID=trackRight;Radius=0.42;"}
				{Matrix34
					0.978148	0	0.207912
					0.207912	0	-0.978148
					0	-1	0
					-89.8568	-5.02278	-6.20783
				}
				{VolumeView "wheelr3.ply"}
			}
			{bone "fxtracer3"
				{Matrix34
					-0.957598	-0.168851	0.233444
					0.173649	-0.984808	0
					0.229898	0.0405376	0.97237
					-91.5307	-4.97289	-15.7453
				}
			}
			{bone "fxtracer2"
				{Matrix34
					-1	0	0
					0	-1	0
					0	0	1
					-79.0418	-4.9729	-15.7453
				}
			}
			{bone "fxtracer1"
				{Matrix34
					-1	0	0
					0	-1	0
					0	0	1
					-30.6517	-4.9729	-15.7453
				}
			}
			{bone "trackr"
				{parameters "ID=trackright;"}
				{Matrix34
					-1	0	0
					0	0	1
					0	1	0
					-50.2538	-4.95963	-3.36344
				}
				{VolumeView "trackr.ply"}
			}
		}
		{bone "wheelsl"
			{parameters "wheelsL;"}
			{Position 50.3682	20.9369	15.6621}
			{VolumeView "wheelsl.ply"}
			{bone revolute "wheell2"
				{parameters "ID=trackleft;Radius=0.42;"}
				{Matrix34
					1	0	0
					0	0	-1
					0	1	0
					-14.3983	5.57342	-6.20783
				}
				{VolumeView "wheell2.ply"}
			}
			{bone revolute "wheell3"
				{parameters "ID=trackleft;Radius=0.42;"}
				{Matrix34
					0.939693	0	-0.34202
					-0.34202	0	-0.939693
					0	1	0
					-25.1238	5.02279	-6.20783
				}
				{VolumeView "wheell3.ply"}
			}
			{bone revolute "wheell4"
				{parameters "ID=trackleft;Radius=0.42;"}
				{Matrix34
					0.95882	0	0.284015
					0.284015	0	-0.95882
					0	1	0
					-35.9183	5.57342	-6.20783
				}
				{VolumeView "wheell2.ply"}
			}
			{bone revolute "wheell5"
				{parameters "ID=trackleft;Radius=0.42;"}
				{Matrix34
					1	0	0
					0	0	-1
					0	1	0
					-46.6438	5.02279	-6.20783
				}
				{VolumeView "wheell3.ply"}
			}
			{bone revolute "wheell6"
				{parameters "ID=trackleft;Radius=0.42;"}
				{Matrix34
					0.986286	0	-0.165048
					-0.165048	0	-0.986286
					0	1	0
					-57.5463	5.57343	-6.20783
				}
				{VolumeView "wheell2.ply"}
			}
			{bone revolute "wheell7"
				{parameters "ID=trackleft;Radius=0.42;"}
				{Matrix34
					1	0	0
					0	0	-1
					0	1	0
					-68.2719	5.0228	-6.20783
				}
				{VolumeView "wheell3.ply"}
			}
			{bone revolute "wheell8"
				{parameters "ID=trackleft;Radius=0.42;"}
				{Matrix34
					0.970296	0	0.241922
					0.241922	0	-0.970296
					0	1	0
					-79.1192	5.57343	-6.20783
				}
				{VolumeView "wheell2.ply"}
			}
			{bone revolute "wheell9"
				{parameters "ID=trackleft;Radius=0.42;"}
				{Matrix34
					1	0	0
					0	0	-1
					0	1	0
					-89.8448	5.0228	-6.20783
				}
				{VolumeView "wheell3.ply"}
			}
			{bone "fxtracel2"
				{Matrix34
					-1	0	0
					0	-1	0
					0	0	1
					-79.0418	4.94276	-15.7453
				}
			}
			{bone "fxtracel3"
				{Matrix34
					-0.967043	0.101641	0.233445
					-0.104529	-0.994522	0
					0.232166	-0.0244015	0.97237
					-91.5307	4.94278	-15.7453
				}
			}
			{bone "fxtracel1"
				{Matrix34
					-1	0	0
					0	-1	0
					0	0	1
					-30.6517	4.94275	-15.7453
				}
			}
			{bone "trackl"
				{parameters "ID=trackLeft;"}
				{Matrix34
					-1	0	0
					0	0	1
					0	1	0
					-50.2538	5.01196	-3.36344
				}
				{VolumeView "trackl.ply"}
			}
		}
		{bone "emit6"
			{Matrix34
				0	-1	0
				1	0	0
				0	0	1
				-45.7983	50.9279	0
			}
		}
		{bone "emit5"
			{Matrix34
				0	-1	0
				1	0	0
				0	0	1
				-31.0382	50.9279	0
			}
		}
		{bone "emit1"
			{Matrix34
				0	-1	0
				1	0	0
				0	0	1
				3.42239	50.7312	0
			}
		}
		{bone "emit4"
			{Matrix34
				0	1	0
				-1	0	0
				0	0	1
				-45.4633	-49.4068	0
			}
		}
		{bone "emit3"
			{Matrix34
				0	1	0
				-1	0	0
				0	0	1
				-31.3047	-49.4068	0
			}
		}
		{bone "emit2"
			{Matrix34
				0	1	0
				-1	0	0
				0	0	1
				3.42239	-50.4607	0
			}
		}
	}
}
{extension "/properties/new_components_vol.ext"}
{Volume "body2"
	{Polyhedron "body2.vol"}
	{Bone "body"}
	{Position 4.17461	-0.515819	-13.2218}
}
{Volume "body"
	{Polyhedron "body.vol"}
	{Bone "body"}
	{Position 16.8895	-0.0906161	5.46593}
}
{Volume "gun"
	{Cylinder 2.5 80}
	{Bone "gun"}
	{Matrix34
		0	1	0
		0	0	1
		1	0	0
		26.8954	-0.165816	-1.58764
	}
}
{Volume "mantlet"
	{Polyhedron "mantlet.vol"}
	{Bone "gun_rot"}
	{Matrix34
		1	0	0
		0	0	-1
		0	1	0
		6.50204	-7.80552	0.0907898
	}
}
{Volume "crew"
	{Box 29.7938 23.3434 12.0458}
	{Bone "body"}
	{Matrix34
		1	0	0
		0	1	0
		0	0	1
		1.99827	-5.53369	-0.346939
	}
}
{Volume "engine"
	{Polyhedron "engine.vol"}
	{Bone "engine"}
	{Position -0.0373077	0.00530624	-8.504}
}
{Volume "inventory"
	{Box 14.3604 6.62486 8.21523}
	{Bone "body"}
	{Matrix34
		1	0	0
		0	1	0
		0	0	1
		-4.18318	-13.0171	-0.846007
	}
}
{Volume "shieldl1"
	{Polyhedron "shieldl1.vol"}
	{Bone "shieldl1"}
	{Matrix34
		0.953717	0	-0.300706
		0	1	0
		0.300706	0	0.953717
		-0.508034	0.0728264	0.0948105
	}
}
{Volume "shieldl2"
	{Box 24.5445 1.07081 12.6613}
	{Bone "shieldl2"}
	{Matrix34
		0.999391	-0.0348993	0
		0.0348993	0.999391	0
		0	0	1
		0.0263824	-0.343807	-0.0294504
	}
}
{Volume "shieldl3"
	{Box 24.5445 1.07081 12.6613}
	{Bone "shieldl3"}
	{Matrix34
		0.999391	-0.0348993	0
		0.0348993	0.999391	0
		0	0	1
		-0.0415611	-0.0567436	-0.0294504
	}
}
{Volume "shieldl4"
	{Box 24.5445 1.07081 12.6613}
	{Bone "shieldl4"}
	{Matrix34
		0.999391	-0.0348993	0
		0.0348993	0.999391	0
		0	0	1
		-0.0084877	0.107918	-0.0294504
	}
}
{Volume "shieldl5"
	{Box 24.5445 1.07081 12.6613}
	{Bone "shieldl5"}
	{Matrix34
		0.999391	-0.0348993	0
		0.0348993	0.999391	0
		0	0	1
		0.0236664	-0.184803	-0.0294504
	}
}
{Volume "shieldl6"
	{Box 24.5445 1.07081 12.6613}
	{Bone "shieldl6"}
	{Matrix34
		0.999391	-0.0348993	0
		0.0348993	0.999391	0
		0	0	1
		0.0426407	-0.0173569	-0.0294504
	}
}
{Volume "shieldr1"
	{Polyhedron "shieldr1.vol"}
	{Bone "shieldr1"}
	{Matrix34
		0.953717	0	-0.300706
		0	1	0
		0.300706	0	0.953717
		-0.508034	0.0599174	0.0948067
	}
}
{Volume "shieldr2"
	{Box 24.5445 1.07081 12.6613}
	{Bone "shieldr2"}
	{Matrix34
		0.999848	0.0174526	0
		-0.0174526	0.999848	0
		0	0	1
		0.0263748	-0.00640869	-0.0294504
	}
}
{Volume "shieldr3"
	{Box 24.5445 1.07081 12.6613}
	{Bone "shieldr3"}
	{Matrix34
		0.999848	0.0174526	0
		-0.0174526	0.999848	0
		0	0	1
		0.0549717	-0.223129	-0.0294485
	}
}
{Volume "shieldr4"
	{Box 24.5445 1.07081 12.6613}
	{Bone "shieldr4"}
	{Matrix34
		0.999848	0.0174526	0
		-0.0174526	0.999848	0
		0	0	1
		-0.0955143	-0.200394	-0.0294485
	}
}
{Volume "shieldr5"
	{Box 24.5445 1.07081 12.6613}
	{Bone "shieldr5"}
	{Matrix34
		0.999848	0.0174526	0
		-0.0174526	0.999848	0
		0	0	1
		0.000389099	-0.220528	-0.0294485
	}
}
{Volume "shieldr6"
	{Box 24.5445 1.07081 12.6613}
	{Bone "shieldr6"}
	{Matrix34
		0.999848	0.0174526	0
		-0.0174526	0.999848	0
		0	0	1
		-0.0771255	-0.200378	-0.0294485
	}
}
{Volume "trackleft"
	{Polyhedron "trackleft.vol"}
	{Bone "wheelsl"}
	{Matrix34
		-1	0	0
		0	0	1
		0	1	0
		-55.9659	-0.971176	-4.38037
	}
}
{Volume "trackright"
	{Polyhedron "trackright.vol"}
	{Bone "wheelsr"}
	{Matrix34
		-1	0	0
		0	0	1
		0	1	0
		-55.9659	-10.8996	-4.38037
	}
}
