;Exported by: loskutov_k
;Date:        Wed May 12 11:12:43 2010
;File:        D:\_Vietnam\Art\Models\Houses\X\House_big_2_x\House_big_2_x.max
{Skeleton
	{bone "roofhold3_hb2_x"
		{Orientation
			1	0	0
			0	-1	0
			0	0	1
		}
		{bone "piece02"
			{Matrix34
				1	0	0
				0	-0.631942	-0.775016
				0	0.775016	-0.631942
				28.0385	-15.6659	15.6369
			}
			{VolumeView "piece02.ply"}
		}
		{bone "piece01"
			{Matrix34
				1	0	0
				0	-0.639566	-0.768736
				0	0.768736	-0.639566
				-0.407654	-9.69524	14.2312
			}
			{VolumeView "piece01.ply"}
		}
		{bone "piece03"
			{Matrix34
				1	0	0
				0	-0.631942	-0.775016
				0	0.775016	-0.631942
				13.1698	1.53779	3.28705
			}
			{VolumeView "piece03.ply"}
		}
	}
}
{Volume "piece01"
	{Box 23.9956 20.1563 2.22999}
	{Bone "piece01"}
	{Matrix34
		-1	0	0
		0	0.00778159	-0.99997
		0	-0.99997	-0.00778159
		-0.0331457	0.373395	-1.40973
	}
}
{Volume "piece02"
	{Box 19.4773 23.4813 2.29509}
	{Bone "piece02"}
	{Matrix34
		1	0	0
		0	0.0026674	-0.999996
		0	0.999996	0.0026674
		0.126274	0.135112	0.393694
	}
}
{Volume "piece03"
	{Box 23.9956 20.1563 2.22999}
	{Bone "piece03"}
	{Matrix34
		-1	0	0
		0	0.00778156	-0.99997
		0	-0.99997	-0.00778156
		-0.535408	0.0852406	0.777998
	}
}
