;Exported by: IROKEZ
;Date:        Mon Jan 21 20:26:54 2013
;File:        F:\My Job\3D's max\scenes\Pz. III ausf J\pziiij_exp.max
{Skeleton
	{animation
		{sequence "start" {speed 0.6} {resume}}
		{sequence "stop" {speed 0.6} {resume}}
		{sequence "fire" {speed 0.6} {resume}}
		{sequence "open" {speed 0.6} {resume}}
		{sequence "open2" {speed 0.6} {resume}}
		{sequence "hit" {speed 0.6} {resume}}
	}
	{bone revolute "basis"
		{parameters "WheelRadius=0.3;"}
		{limits -0 0}
		{Orientation
			1	0	0
			0	-1	0
			0	0	1
		}
		{extension "/properties/new_components.ext"}
		{bone "body"
			{parameters "ID=body;"}
			{animation
				{sequence "repair" {file "body_r.anm"}}
			}
			{Position 0	0	20.3574}
			{VolumeView "body.ply"}
			{bone "fxfire3"
				{Matrix34
					0	0	1
					0	1	0
					-1	0	0
					-3.03201	12.3407	19.3477
				}
			}
			{bone "detail6"
				{parameters "ID=body;"}
				{Matrix34
					0	-1	0
					0.948876	0	-0.315649
					0.315649	0	0.948876
					48.5537	0.0186573	-5.98378
				}
				{VolumeView "detail6.ply"}
			}
			{bone "detail1"
				{parameters "ID=body;"}
				{Position -40.9681	-25.0084	6.75333}
				{VolumeView "detail1.ply"}
			}
			{bone "detail2"
				{parameters "ID=body;"}
				{Position -18.749	-26.199	6.71655}
				{VolumeView "detail2.ply"}
			}
			{bone "detail3"
				{parameters "ID=body;"}
				{Position -22.3728	27.0215	6.75144}
				{VolumeView "detail3.ply"}
			}
			{bone "detail4"
				{parameters "ID=body;"}
				{Position -22.0388	24.2337	6.74002}
				{VolumeView "detail4.ply"}
			}
			{bone "detail5"
				{parameters "ID=body;"}
				{Position -37.8491	24.125	8.96021}
				{VolumeView "detail5.ply"}
			}
			{bone "enholder"
				{Matrix34
					0	1	0
					-1	0	0
					0	0	1
					0.3	0	-0.65
				}
				{bone "enumerator"
					{Matrix34
						-0.994522	-0.104529	0
						-0.00266842	0.025388	0.999674
						-0.104494	0.994198	-0.0255278
						-11.3682	-16.4928	43.5036
					}
					{VolumeView "enumerator.ply"}
				}
			}
			{bone "hull"
				{parameters "ID=body;"}
				{Position 12.4734	0.00431736	16.8455}
				{VolumeView "hull.ply"}
				{bone revolute "gun_rot1"
					{limits -10 10}
					{Position 3.54382	-2.18699	-6.69346}
					{bone revolute "gun_rot"
						{parameters "ID=body;"}
						{limits -8 20}
						{Matrix34
							1	0	0
							0	0	1
							0	-1	0
							-0.00392151	0.0113759	-0.00553513
						}
						{VolumeView "gun_rot.ply"}
						{bone "gun"
							{parameters "ID=gun;"}
							{Matrix34
								1	0	0
								0	0	-1
								0	1	0
								26.6035	0.00593376	0.0206361
							}
							{VolumeView "gun.ply"}
							{bone "foresight1"
								{Matrix34
									1	0	0
									0	0	1
									0	-1	0
									27.0688	0.0107114	-0.000261307
								}
							}
							{bone "visor1"
								{Matrix34
									1	0	0
									0	0	1
									0	-1	0
									0.0563011	0.0107644	2.93321
								}
							}
						}
					}
				}
				{bone "detail7"
					{parameters "ID=body;"}
					{Position -0.0817213	0	-0.00448608}
					{VolumeView "antenna1.ply"}
				}
				{bone "coverl1"
					{parameters "ID=body;"}
					{Matrix34
						1	0	0
						0	0.18361	0.982999
						0	-0.982999	0.18361
						-14.0595	12.5388	0.589424
					}
					{VolumeView "coverl1.ply"}
				}
				{bone "coverr2"
					{parameters "ID=body;"}
					{Matrix34
						1	0	0
						0	-0.166671	0.986013
						0	-0.986013	-0.166671
						-27.15	-12.57	-1.26186
					}
					{VolumeView "coverr2.ply"}
				}
				{bone "coverr1"
					{parameters "ID=body;"}
					{Matrix34
						1	0	0
						0	-0.199046	0.97999
						0	-0.97999	-0.199046
						-14.1192	-12.3202	0.562305
					}
					{VolumeView "coverr1.ply"}
				}
				{bone "coverl2"
					{parameters "ID=body;"}
					{Matrix34
						1	0	0
						0	0.159506	0.987197
						0	-0.987197	0.159506
						-27.0911	12.518	-1.24549
					}
					{VolumeView "coverl2.ply"}
				}
			}
			{bone revolute "wheell9"
				{parameters "ID=trackleft;"}
				{Matrix34
					1	0	0
					0	0	-1
					0	1	0
					-19.5815	24.5579	0.158335
				}
				{VolumeView "wheell9.ply"}
			}
			{bone revolute "wheell10"
				{parameters "ID=trackleft;"}
				{Matrix34
					1	0	0
					0	0	-1
					0	1	0
					-0.144316	24.5579	0.158335
				}
				{VolumeView "wheell10.ply"}
			}
			{bone revolute "wheell11"
				{parameters "ID=trackleft;"}
				{Matrix34
					1	0	0
					0	0	-1
					0	1	0
					24.0594	24.5579	-0.905485
				}
				{VolumeView "wheell11.ply"}
			}
			{bone revolute "wheell8"
				{parameters "ID=trackleft;Radius=0.5;"}
				{Matrix34
					1	0	0
					0	0	-1
					0	1	0
					-39.9756	25.279	-4.92925
				}
				{VolumeView "wheell8.ply"}
			}
			{bone revolute "wheell1"
				{parameters "ID=trackleft;Radius=0.5;"}
				{Matrix34
					1	0	0
					0	0	-1
					0	1	0
					41.7855	24.6404	-6.32164
				}
				{VolumeView "wheell1.ply"}
			}
			{bone revolute "wheelr1"
				{parameters "ID=trackright;Radius=0.5;"}
				{Matrix34
					1	0	0
					0	0	-1
					0	1	0
					41.7855	-24.6405	-6.32164
				}
				{VolumeView "wheelr1.ply"}
			}
			{bone revolute "wheelr11"
				{parameters "ID=trackright;"}
				{Matrix34
					1	0	0
					0	0	-1
					0	1	0
					24.0594	-24.5579	-0.905485
				}
				{VolumeView "wheelr11.ply"}
			}
			{bone revolute "wheelr10"
				{parameters "ID=trackright;"}
				{Matrix34
					1	0	0
					0	0	-1
					0	1	0
					-0.144316	-24.5579	0.158335
				}
				{VolumeView "wheelr10.ply"}
			}
			{bone revolute "wheelr9"
				{parameters "ID=trackright;"}
				{Matrix34
					1	0	0
					0	0	-1
					0	1	0
					-19.5815	-24.5579	0.158335
				}
				{VolumeView "wheelr9.ply"}
			}
			{bone revolute "wheelr8"
				{parameters "ID=trackright;Radius=0.5;"}
				{Matrix34
					1	0	0
					0	0	-1
					0	1	0
					-39.9756	-25.2791	-4.92925
				}
				{VolumeView "wheelr8.ply"}
			}
			{bone "visor2"
				{Position 32.0342	9.43805	7.08342}
			}
			{bone "fxsmoke1"
				{Matrix34
					-0.819152	0	-0.573576
					-0.573576	0	0.819152
					0	1	0
					-47.2772	14.7744	-6.34535
				}
			}
			{bone "fxsmoke2"
				{Matrix34
					-0.819152	0	-0.573576
					-0.573576	0	0.819152
					0	1	0
					-47.2772	-14.8162	-6.34535
				}
			}
			{bone "headlightl"
				{Matrix34
					1	0	0
					0	1	0
					0	0	1
					48.7279	15.457	3.35706
				}
			}
			{bone "fxlight"
				{Matrix34
					1	0	0
					0	1	0
					0	0	1
					87.852	0	1.15272
				}
			}
			{bone "headlightr"
				{Matrix34
					1	0	0
					0	1	0
					0	0	1
					48.7279	-15.2356	3.35706
				}
			}
			{bone "engine"
				{parameters "ID=engine;"}
				{animation
					{sequence "repair" {file "engine_r.anm"}}
				}
				{Position -29.1745	0.146133	-0.560991}
				{VolumeView "engine.ply"}
				{bone "engine_cover1"
					{parameters "ID=engine;"}
					{Position -8.35303	11.1784	10.4546}
					{VolumeView "engine_cover1.ply"}
				}
				{bone "engine_cover2"
					{parameters "ID=engine;"}
					{Position -8.35303	-10.369	10.4546}
					{VolumeView "engine_cover2.ply"}
				}
				{bone "fxfire1"
					{Matrix34
						0	0	1
						0	1	0
						-1	0	0
						-14.1431	10.596	4.14135
					}
				}
			}
			{bone "crew"
				{Matrix34
					1	0	0
					0	0	1
					0	-1	0
					4.1258	0	14.2727
				}
			}
			{bone "inventory"
				{Matrix34
					1	0	0
					0	0	1
					0	-1	0
					6.6167	0	2.55845
				}
			}
			{bone "seat01"
				{Matrix34
					-0.98665	-0.0063753	0.162732
					0.00551489	-0.999968	-0.00573843
					0.162763	-0.00476437	0.986654
					-49.0226	11.69	4.82526
				}
			}
			{bone "seat02"
				{Matrix34
					0	0.939693	0.34202
					-1	0	0
					0	-0.34202	0.939693
					-26.0399	25.6021	5.0274
				}
			}
			{bone "seat03"
				{Matrix34
					-0.798854	-0.568621	0.196222
					0.579895	-0.814692	0
					0.15986	0.113788	0.980559
					-46.4948	-18.0204	4.47169
				}
			}
			{bone "seat04"
				{Matrix34
					0	-0.939693	0.34202
					1	0	0
					0	0.34202	0.939693
					-26.7941	-24.9198	4.96242
				}
			}
		}
		{bone "wheelsl"
			{parameters "ID=trackleft;"}
			{Position 2.89188	20.6935	7.59262}
			{VolumeView "wheelsl.ply"}
			{bone revolute "wheell2"
				{parameters "ID=trackleft;Radius=0.4;"}
				{Matrix34
					1	0	0
					0	0	-1
					0	1	0
					23.528	4.24751	-1.17389
				}
				{VolumeView "wheell2.ply"}
			}
			{bone "fxtracel1"
				{Matrix34
					-1	0	0
					0	-1	0
					0	0	1
					18.5967	3.82436	-5.50003
				}
			}
			{bone "fxtracel2"
				{Matrix34
					-0.907445	0	0.420171
					0	-1	0
					0.420171	0	0.907445
					-41.6143	3.82437	-2.49118
				}
			}
			{bone "trackl"
				{parameters "ID=trackleft;"}
				{Matrix34
					-1	0	0
					0	0	1
					0	1	0
					-1.97275	3.85809	4.7262
				}
				{VolumeView "trackl.ply"}
			}
			{bone revolute "wheell3"
				{parameters "ID=trackleft;Radius=0.4;"}
				{Matrix34
					1	0	0
					0	0	-1
					0	1	0
					12.778	4.24751	-1.17389
				}
				{VolumeView "wheell2.ply"}
			}
			{bone revolute "wheell4"
				{parameters "ID=trackleft;Radius=0.4;"}
				{Matrix34
					1	0	0
					0	0	-1
					0	1	0
					2.02803	4.24748	-1.17389
				}
				{VolumeView "wheell2.ply"}
			}
			{bone revolute "wheell5"
				{parameters "ID=trackleft;Radius=0.4;"}
				{Matrix34
					1	0	0
					0	0	-1
					0	1	0
					-8.72197	4.2475	-1.17389
				}
				{VolumeView "wheell2.ply"}
			}
			{bone revolute "wheell6"
				{parameters "ID=trackleft;Radius=0.4;"}
				{Matrix34
					1	0	0
					0	0	-1
					0	1	0
					-19.472	4.24745	-1.17389
				}
				{VolumeView "wheell2.ply"}
			}
			{bone revolute "wheell7"
				{parameters "ID=trackleft;Radius=0.4;"}
				{Matrix34
					1	0	0
					0	0	-1
					0	1	0
					-30.222	4.24747	-1.1739
				}
				{VolumeView "wheell2.ply"}
			}
		}
		{bone "wheelsr"
			{parameters "ID=trackright;"}
			{Position 4.71275	-20.6935	7.59262}
			{VolumeView "wheelsr.ply"}
			{bone revolute "wheelr2"
				{parameters "ID=trackright;Radius=0.4;"}
				{Matrix34
					1	0	0
					0	0	-1
					0	1	0
					23.528	-4.24751	-1.17389
				}
				{VolumeView "wheelr2.ply"}
			}
			{bone "fxtracer2"
				{Matrix34
					-0.907445	0	0.420171
					0	-1	0
					0.420171	0	0.907445
					-43.4352	-3.80753	-2.49118
				}
			}
			{bone "fxtracer1"
				{Matrix34
					-1	0	0
					0	-1	0
					0	0	1
					16.7758	-3.80754	-5.50004
				}
			}
			{bone "trackr"
				{parameters "ID=trackright;"}
				{Matrix34
					-1	0	0
					0	0	1
					0	-1	0
					-3.79362	-3.85809	4.7262
				}
				{VolumeView "trackr.ply"}
			}
			{bone revolute "wheelr3"
				{parameters "ID=trackright;Radius=0.4;"}
				{Matrix34
					1	0	0
					0	0	-1
					0	1	0
					12.778	-4.24751	-1.17389
				}
				{VolumeView "wheelr2.ply"}
			}
			{bone revolute "wheelr4"
				{parameters "ID=trackright;Radius=0.4;"}
				{Matrix34
					1	0	0
					0	0	-1
					0	1	0
					2.02803	-4.24748	-1.17389
				}
				{VolumeView "wheelr2.ply"}
			}
			{bone revolute "wheelr5"
				{parameters "ID=trackright;Radius=0.4;"}
				{Matrix34
					1	0	0
					0	0	-1
					0	1	0
					-8.72197	-4.2475	-1.17389
				}
				{VolumeView "wheelr2.ply"}
			}
			{bone revolute "wheelr6"
				{parameters "ID=trackright;Radius=0.4;"}
				{Matrix34
					1	0	0
					0	0	-1
					0	1	0
					-19.472	-4.24745	-1.17389
				}
				{VolumeView "wheelr2.ply"}
			}
			{bone revolute "wheelr7"
				{parameters "ID=trackright;Radius=0.4;"}
				{Matrix34
					1	0	0
					0	0	-1
					0	1	0
					-30.222	-4.24747	-1.1739
				}
				{VolumeView "wheelr2.ply"}
			}
		}
		{bone "emit1"
			{Matrix34
				0	-1	0
				1	0	0
				0	0	1
				6.46945	45.2016	0
			}
		}
		{bone "emit2"
			{Matrix34
				0	1	0
				-1	0	0
				0	0	1
				6.77759	-46.174	0
			}
		}
		{bone "emit3"
			{Position -64.6808	13.1469	0}
		}
		{bone "emit4"
			{Matrix34
				0	-1	0
				1	0	0
				0	0	1
				-23.963	45.177	0
			}
		}
		{bone "emit6"
			{Matrix34
				0	1	0
				-1	0	0
				0	0	1
				-21.8869	-44.191	0
			}
		}
		{bone "emit5"
			{Matrix34
				0.819152	0.573576	0
				-0.573576	0.819152	0
				0	0	1
				-59.9592	-35.1848	0
			}
		}
	}
}
{extension "/properties/new_components_vol.ext"}
{Volume "body2"
	{Polyhedron "body2.vol"}
	{Bone "body"}
	{Position 8.63911	-0.00958487	5.91116}
}
{Volume "body3"
	{Polyhedron "body3.vol"}
	{Bone "body"}
	{Position -33.0212	0.0342901	5.95743}
}
{Volume "body"
	{Polyhedron "body.vol"}
	{Bone "body"}
	{Position -1.55537	-0.0349592	-12.596}
}
{Volume "engine"
	{Box 21.3959 12.9158 20.2217}
	{Bone "engine"}
	{Matrix34
		-1	0	0
		0	0	1
		0	1	0
		1.76604	-0.14613	-1.85008
	}
}
{Volume "gun"
	{Polyhedron "gun.vol"}
	{Bone "gun"}
	{Matrix34
		0	1	0
		0	0	1
		1	0	0
		13.6773	0.0435567	-0.0109921
	}
}
{Volume "gunrot"
	{Cylinder 2.87884 12.5}
	{Bone "gun_rot"}
	{Matrix34
		0	0	-1
		0	1	0
		1	0	0
		21.1141	0.0194683	-0.0284119
	}
}
{Volume "mantlet"
	{Polyhedron "mantlet.vol"}
	{Bone "gun_rot"}
	{Matrix34
		1	0	0
		0	0	-1
		0	1	0
		10.5325	-4.585	0.0417206
	}
}
{Volume "trackleft"
	{Box 101.107 22.9442 8.7601}
	{Bone "wheelsl"}
	{Matrix34
		-1	0	0
		0	0	1
		0	1	0
		-3.00631	3.79628	4.10845
	}
}
{Volume "trackright"
	{Box 101.107 22.9442 8.7601}
	{Bone "wheelsr"}
	{Matrix34
		-1	0	0
		0	0	1
		0	1	0
		-4.82719	-3.86212	4.10845
	}
}
