;Exported by: Normand
;Date:        Sat Jan 19 20:32:44 2013
;File:        C:\Users\Normand\SdKfz251_1_xx.max
{Skeleton
	{bone "basis"
		{Orientation
			1	0	0
			0	-1	0
			0	0	1
		}
		{bone "wheelsR"
			{parameters "ID=trackright;"}
			{Matrix34
				1	0	0
				0	1	0
				0	0	1
				-24.3895	-13.7225	7.63787
			}
			{bone revolute "wheelr7"
				{parameters "Radius=0.4;ID=trackright;"}
				{Matrix34
					-1	0	0
					0	0.000782653	1
					0	-1	0.000782653
					10.5691	-3.67436	0.333828
				}
				{VolumeView "wheelr7.ply"}
			}
			{bone revolute "wheelr9"
				{parameters "Radius=0.4;ID=trackright;"}
				{Matrix34
					-1	0	0
					0	0.000782653	1
					0	-1	0.000782653
					-4.02154	-3.67428	0.358186
				}
				{VolumeView "wheelr9.ply"}
			}
			{bone revolute "wheelr8"
				{parameters "Radius=0.4;ID=trackright;"}
				{Matrix34
					-1	0	0
					0	0.000782653	1
					0	-1	0.000782653
					3.45043	-3.66377	0.318083
				}
				{VolumeView "wheelr8.ply"}
			}
			{bone revolute "wheelr5"
				{parameters "Radius=0.4;ID=trackright;"}
				{Matrix34
					-1	0	0
					0	0.000782653	1
					0	-1	0.000782653
					25.5175	-3.72016	0.326203
				}
				{VolumeView "wheelr5.ply"}
			}
			{bone revolute "wheelr6"
				{parameters "Radius=0.4;ID=trackright;"}
				{Matrix34
					-1	0	0
					0	0.000782653	1
					0	-1	0.000782653
					18.0411	-3.66385	0.293725
				}
				{VolumeView "wheelr6.ply"}
			}
			{bone revolute "wheelr4"
				{parameters "Radius=0.3;ID=trackright;"}
				{Matrix34
					-1	0	0
					0	0.000782653	1
					0	-1	0.000782653
					33.2087	-4.0549	0.167333
				}
				{VolumeView "wheelr4.ply"}
			}
		}
		{bone "wheelsL"
			{parameters "ID=trackleft;"}
			{Matrix34
				1	0	0
				0	1	0
				0	0	1
				-24.3895	13.1394	7.63787
			}
			{bone revolute "wheell9"
				{parameters "Radius=0.4;ID=trackleft;"}
				{Matrix34
					-1	0	0
					0	0.000782653	1
					0	-1	0.000782653
					3.44966	4.02067	0.215281
				}
				{VolumeView "wheell9.ply"}
			}
			{bone revolute "wheell8"
				{parameters "Radius=0.4;ID=trackleft;"}
				{Matrix34
					-1	0	0
					0	0.000782653	1
					0	-1	0.000782653
					-4.02118	3.69201	0.295773
				}
				{VolumeView "wheell8.ply"}
			}
			{bone revolute "wheell7"
				{parameters "Radius=0.4;ID=trackleft;"}
				{Matrix34
					-1	0	0
					0	0.000782653	1
					0	-1	0.000782653
					10.5695	3.69193	0.271414
				}
				{VolumeView "wheell7.ply"}
			}
			{bone revolute "wheell5"
				{parameters "Radius=0.4;ID=trackleft;"}
				{Matrix34
					-1	0	0
					0	0.000782653	1
					0	-1	0.000782653
					25.6845	3.64042	0.183863
				}
				{VolumeView "wheell5.ply"}
			}
			{bone revolute "wheell6"
				{parameters "Radius=0.4;ID=trackleft;"}
				{Matrix34
					-1	0	0
					0	0.000782653	1
					0	-1	0.000782653
					18.0403	4.0206	0.190923
				}
				{VolumeView "wheell6.ply"}
			}
			{bone revolute "wheell4"
				{parameters "Radius=0.3;ID=trackleft;"}
				{Matrix34
					-0.999103	0.0423451	-3.32275e-005
					0	0.000782556	1
					0.0423455	0.999103	-0.00078185
					33.1175	3.82926	0.211222
				}
				{VolumeView "wheell4.ply"}
			}
		}
		{bone "body"
			{parameters "ID=body;"}
			{Matrix34
				0.999735	0	-0.0230412
				0	1	0
				0.0230412	0	0.999735
				0.426582	-0.131827	18.3135
			}
			{VolumeView "body.ply"}
			{bone "detail1"
				{parameters "ID=body;"}
				{Matrix34
					0	1	0
					-1	0	0
					0	0	1
					-4.96709	-17.1354	13.9491
				}
				{VolumeView "detail1.ply"}
			}
			{bone "label1"
				{parameters "ID=body;"}
				{Matrix34
					0	1	0
					-1	0	0
					0	0	1
					53.9801	5.23998	2.34659
				}
				{VolumeView "label1.ply"}
			}
			{bone "detail2"
				{parameters "ID=body;"}
				{Matrix34
					0	1	0
					-1	0	0
					0	0	1
					51.5151	10.7029	3.68793
				}
				{VolumeView "detail2.ply"}
			}
			{bone "door_left"
				{parameters "ID=body;"}
				{Matrix34
					0	0	1
					-1	0	0
					0	-1	0
					-55.7755	12.5296	4.24693
				}
				{VolumeView "door_left.ply"}
			}
			{bone "part2"
				{parameters "ID=body;"}
				{Matrix34
					0	0	-1
					-1	0	0
					0	1	0
					-55.7769	-12.533	4.24693
				}
				{VolumeView "part2.ply"}
			}
			{bone "fxfire1"
				{Matrix34
					0.99999	0.00453793	0
					0	0	1
					0.00453793	-0.99999	0
					32.0084	-0.0852466	4.12357
				}
			}
			{bone revolute "wheell2"
				{parameters "Radius=0.35;ID=trackleft;"}
				{Matrix34
					-1	0	0
					0	0.000782653	1
					0	-1	0.000782653
					21.6016	16.9737	-9.68913
				}
				{VolumeView "wheell2.ply"}
			}
			{bone revolute "wheell3"
				{parameters "Radius=0.5;ID=trackleft;"}
				{Matrix34
					-1	0	0
					0	0.000782653	1
					0	-1	0.000782653
					-37.5549	17.1059	-10.6891
				}
				{VolumeView "wheell3.ply"}
			}
			{bone revolute "wheelr2"
				{parameters "Radius=0.35;ID=trackright;"}
				{Matrix34
					-1	0	0
					0	0.000782653	1
					0	-1	0.000782653
					21.615	-17.0024	-9.65729
				}
				{VolumeView "wheelr2.ply"}
			}
			{bone revolute "part4"
				{parameters "Radius=0.5;ID=part4;"}
				{Matrix34
					-1	0	0
					0	0.000782653	1
					0	-1	0.000782653
					-37.5625	-17.6792	-10.7708
				}
				{VolumeView "part4.ply"}
			}
			{bone "detail5"
				{parameters "ID=body;"}
				{Position 16.2408	0.388794	0.139256}
				{VolumeView "detail5.ply"}
			}
			{bone "detail6"
				{parameters "ID=body;"}
				{Matrix34
					0.999506	0.0312509	-0.00327678
					0.0313007	-0.999375	0.0164464
					-0.00276099	-0.0165407	-0.99986
					3.97356	17.4386	-0.840508
				}
				{VolumeView "detail6.ply"}
			}
			{bone "detail4"
				{parameters "ID=body;"}
				{Matrix34
					-0.994319	-0.021425	-0.104264
					-0.0214928	0.999769	-0.000473071
					-0.10425	-0.0017704	0.99455
					3.28402	-18.1778	-0.626865
				}
				{VolumeView "detail4.ply"}
			}
			{bone "engine_body"
				{parameters "ID=engine;"}
				{Matrix34
					0	-1	0
					-0.0347086	0	0.999398
					-0.999398	0	-0.0347081
					38.9198	0.0470387	-4.98876
				}
				{VolumeView "engine_body.ply"}
			}
			{bone "shield"
				{parameters "ID=shield;"}
				{Matrix34
					0.00507951	0.999987	0
					0	0	-1
					-0.999987	0.00507951	0
					4.70365	0.165799	15.2891
				}
				{VolumeView "shield.ply"}
			}
			{bone "label"
				{parameters "ID=body;"}
				{Matrix34
					-0.000475168	1	0
					-1	-0.000475168	0
					0	0	1
					-10.3491	13.6409	16.3234
				}
				{VolumeView "label.ply"}
			}
			{bone "seats02"
				{parameters "ID=body;"}
				{Position 0	0	0}
				{VolumeView "seats02.ply"}
			}
			{bone "seats04"
				{parameters "ID=body;"}
				{Position 0	0	0}
				{VolumeView "seats04.ply"}
			}
			{bone "seats01"
				{parameters "ID=body;"}
				{Position 0	0	0}
				{VolumeView "seats01.ply"}
			}
			{bone "seats03"
				{parameters "ID=body;"}
				{Position 0	0	0}
				{VolumeView "seats03.ply"}
			}
			{bone "mgun1_turret"
				{parameters "ID=body;"}
				{Position -50.2485	0.0885535	15.4376}
				{VolumeView "mgun1_turret.ply"}
				{bone "mgun1_rot"
					{parameters "ID=body;"}
					{Matrix34
						1	0	0
						0	-0.00327019	0.999995
						0	-0.999995	-0.00327019
						9.59993	7.44686e-005	3.72867
					}
					{VolumeView "mgun1_rot.ply"}
				}
			}
			{bone "engine"
				{parameters "ID=engine;"}
				{Position 0	0	0}
				{VolumeView "engine.ply"}
				{bone "engine_cover1"
					{parameters "ID=engine;"}
					{Matrix34
						0.136792	-0.0269947	0.990232
						0.214454	0.976729	-0.0029984
						-0.967108	0.212769	0.139398
						32.5412	9.64899	8.17636
					}
					{VolumeView "engine_cover1.ply"}
				}
				{bone "part1"
					{parameters "ID=body;"}
					{Matrix34
						0.136792	0.0269965	0.990232
						0.214461	-0.976728	-0.00299754
						-0.967106	-0.212776	0.139398
						32.5412	-9.75493	8.17637
					}
					{VolumeView "part1.ply"}
				}
			}
		}
		{bone "pivot_front"
			{parameters "ID=body;"}
			{Position 0.410746	-0.131818	20.0197}
			{VolumeView "pivot_front.ply"}
			{bone revolute "steerl"
				{Matrix34
					0.999993	0.00386556	0
					0.00386556	-0.999993	0
					0	0	1
					46.0678	15.11	-10.8545
				}
				{VolumeView "steerl.ply"}
				{bone revolute "wheell1"
					{parameters "ID=wheelleft;Radius=0.25;"}
					{Matrix34
						-0.999992	0.00391664	0
						-7.77769e-005	-0.019858	0.999803
						0.00391587	0.999795	0.0198581
						0.503628	-2.59241	-0.300962
					}
					{VolumeView "wheell1.ply"}
				}
			}
			{bone revolute "steerr"
				{Matrix34
					1	0	0
					0	-1	0
					0	0	1
					46.0933	-15.173	-11.3571
				}
				{VolumeView "steerr.ply"}
				{bone revolute "wheelr1"
					{parameters "ID=wheelright;Radius=0.25;"}
					{Matrix34
						-0.99997	-0.0077819	0
						-0.000154529	0.0198569	0.999803
						0.00778037	-0.999773	0.0198575
						0.468082	2.5312	0.201689
					}
					{VolumeView "wheelr1.ply"}
				}
			}
		}
	}
}
{Volume "body_l"
	{Box 41.1328 6.54056 6}
	{Bone "body"}
	{Matrix34
		1	0	0
		0	0	1
		0	-1	0
		-22.779	18.467	1.67128
	}
}
{Volume "body_r"
	{Box 41.1155 6.55464 6}
	{Bone "body"}
	{Matrix34
		1	0	0
		0	0	1
		0	-1	0
		-22.718	-18.4168	1.68232
	}
}
{Volume "body"
	{Polyhedron "body_2.vol"}
	{Bone "body"}
	{Matrix34
		1	0	0
		0	0	1
		0	-1	0
		-20.3333	15.5464	1.05163
	}
}
{Volume "body2"
	{Polyhedron "body_3.vol"}
	{Bone "body"}
	{Matrix34
		1	0	0
		0	0	1
		0	-1	0
		-11.9128	-12.6061	-9.42623
	}
}
{Volume "engine"
	{Polyhedron "engine_2.vol"}
	{Bone "engine"}
	{Matrix34
		1	0	0
		0	0	1
		0	-1	0
		40.4005	13.5726	1.09352
	}
}
{Volume "part2"
	{Polyhedron "doorr.vol"}
	{Bone "part2"}
	{Matrix34
		0	0	1
		-1	0	0
		0	-1	0
		-0.00216293	3.05142	7.38882
	}
}
{Volume "mgun_turret"
	{Polyhedron "mgun_turret.vol"}
	{Bone "mgun1_turret"}
	{Matrix34
		1	0	0
		0	0	1
		0	-1	0
		4.5664	0.369169	2.08305
	}
}
{Volume "shield"
	{Polyhedron "shield.vol"}
	{Bone "shield"}
	{Matrix34
		0.00436342	-0.512759	-0.858521
		0.999987	0	0.00508246
		-0.00260614	-0.858532	0.512753
		0.18438	0.0770454	-1.24042
	}
}
{Volume "trackleft"
	{Box 3.1 0.667323 0.275591}
	{Bone "wheelsl"}
	{Matrix34
		23.2267	-5.53334e-005	0.000145885
		5.524e-005	23.2267	0.0215635
		-0.000214357	-0.01511	23.2267
		16.3023	0.985925	-3.00659
	}
}
{Volume "trackright"
	{Box 3.1 0.665354 0.275591}
	{Bone "wheelsr"}
	{Matrix34
		23.2267	-5.53334e-005	0.000145885
		5.524e-005	23.2267	0.0215635
		-0.000214357	-0.01511	23.2267
		16.1418	1.0024	4.35
	}
}
{Volume "wheelleft1"
	{Cylinder 6.75 3.8}
	{Bone "steerl"}
	{Matrix34
		0.999993	0.00385966	0
		0	0	1
		-0.00385966	0.999993	0
		0.622625	-2.23497	-0.477493
	}
}
{Volume "wheelright1"
	{Cylinder 6.75 3.8}
	{Bone "steerr"}
	{Matrix34
		1	0	0
		0	0	1
		0	1	0
		0.553616	2.171	0.0507721
	}
}
