;Exported by: Loskutov_K
;Date:        Wed Mar 31 18:32:20 2010
;File:        D:\_Vietnam\Art\Models\Houses\X\House_middle_2_x\House_middle_2_x.max
{Skeleton
	{bone "base4_hm2_x"
		{Orientation
			1	0	0
			0	-1	0
			0	0	1
		}
		{bone "piece01"
			{Matrix34
				0.392986	0	0.919544
				-0.919544	0	0.392986
				0	-1	0
				27.2697	8.33664	25.7555
			}
			{VolumeView "piece01.ply"}
		}
		{bone "piece03"
			{Matrix34
				-0.392986	0	0.919544
				0.919544	0	0.392986
				0	1	0
				23.4851	81.3752	-9.28539
			}
			{VolumeView "piece03.ply"}
		}
		{bone "piece04"
			{Matrix34
				-1	0	0
				0	-1	0
				0	0	1
				4.87205	25.9614	-15.8322
			}
			{VolumeView "piece04.ply"}
		}
		{bone "piece05"
			{Matrix34
				0	-1	0
				1	0	0
				0	0	1
				26	23.205	-10.8337
			}
			{VolumeView "piece05.ply"}
		}
		{bone "piece06"
			{Matrix34
				0	-1	0
				1	0	0
				0	0	1
				25.5258	22.7768	15.7849
			}
			{VolumeView "piece06.ply"}
		}
		{bone "piece02"
			{Matrix34
				0	0	1
				1	0	0
				0	1	0
				27.0996	-12.2862	25.1669
			}
			{VolumeView "piece02.ply"}
		}
	}
}
{Volume "piece01"
	{Polyhedron "piece01.vol"}
	{Bone "piece01"}
	{Matrix34
		0	0	1
		0.919544	0.392986	0
		-0.392986	0.919544	0
		-7.19793	-3.72718	-4.7779
	}
}
{Volume "piece02"
	{Box 18.2505 2.39777 2.12757}
	{Bone "piece02"}
	{Matrix34
		0	0	-1
		1	0	0
		0	-1	0
		0.117142	-0.545205	-1.14055
	}
}
{Volume "piece03"
	{Box 13.265 17.1269 1.30896}
	{Bone "piece03"}
	{Matrix34
		0	0	-1
		0.919545	0.392986	0
		0.392986	-0.919545	0
		-8.86916	0.668731	-62.5255
	}
}
{Volume "piece04"
	{Box 34.8344 17.1269 2.04652}
	{Bone "piece04"}
	{Matrix34
		1	0	0
		0	0	1
		0	-1	0
		1.59124	0.660758	-0.341131
	}
}
{Volume "piece05"
	{Box 22.2567 2.39777 2.12757}
	{Bone "piece05"}
	{Matrix34
		0	0	-1
		1	0	0
		0	-1	0
		-0.0033715	-0.247148	-1.53891
	}
}
{Volume "piece06"
	{Box 28.2159 2.39777 2.12757}
	{Bone "piece06"}
	{Matrix34
		0	0	1
		-1	0	0
		0	-1	0
		-0.305131	0.252911	-2.5546
	}
}
