;Exported by: Loskutov_K
;Date:        Mon Apr 26 13:48:07 2010
;File:        D:\_Vietnam\Art\Models\Houses\X\House_big_1_x\hb1_completex.max
{Skeleton
	{bone "roofhold5_hb1_x"
		{Orientation
			1	0	0
			0	-1	0
			0	0	1
		}
		{bone "piece03"
			{Matrix34
				1	0	0
				0	-0.674169	-0.738577
				0	0.738577	-0.674169
				-3.42897	23.1807	22.3515
			}
			{VolumeView "piece03.ply"}
		}
		{bone "piece04"
			{Matrix34
				-1	0	0
				0	0.681431	-0.731882
				0	-0.731882	-0.681431
				-4.74638	-14.5412	29.0323
			}
			{VolumeView "piece04.ply"}
		}
		{bone "piece02"
			{Matrix34
				-1	0	0
				0	0.681431	-0.731882
				0	-0.731882	-0.681431
				23.5659	-8.77706	34.4796
			}
			{VolumeView "piece02.ply"}
		}
		{bone "piece01"
			{Matrix34
				1	0	0
				0	-0.674169	-0.738577
				0	0.738577	-0.674169
				24.8833	8.02311	35.4332
			}
			{VolumeView "piece01.ply"}
		}
	}
}
{Volume "piece01"
	{Box 21.2803 23.6515 2.23877}
	{Bone "piece01"}
	{Matrix34
		-1	0	0
		0	-0.00120053	-0.999999
		0	-0.999999	0.00120053
		0.608677	0.111888	0.474519
	}
}
{Volume "piece02"
	{Box 21.2803 23.6515 2.23877}
	{Bone "piece02"}
	{Matrix34
		-1	0	0
		0	-0.00120053	-0.999999
		0	-0.999999	0.00120053
		0.359583	0.102809	0.621629
	}
}
{Volume "piece03"
	{Box 21.2803 23.6515 2.23877}
	{Bone "piece03"}
	{Matrix34
		-1	0	0
		0	-0.00120053	-0.999999
		0	-0.999999	0.00120053
		0.608677	0.111888	0.474519
	}
}
{Volume "piece04"
	{Box 21.2803 23.6515 2.23877}
	{Bone "piece04"}
	{Matrix34
		-1	0	0
		0	-0.00120053	-0.999999
		0	-0.999999	0.00120053
		0.359582	0.102801	0.621625
	}
}
