;Exported by: Loskutov_K
;Date:        Thu Mar 18 16:35:41 2010
;File:        D:\_Vietnam\Art\Models\Houses\X\House_small_1_x\hs1_x.max
{Skeleton
	{bone "wall3_hs1_x"
		{Orientation
			1	0	0
			0	-1	0
			0	0	1
		}
		{bone "piece07"
			{Matrix34
				0.707107	0	0.707107
				0	1	0
				-0.707107	0	0.707107
				3.31973	-2.4598	-2.34451
			}
			{VolumeView "piece07.ply"}
		}
		{bone "piece05"
			{Matrix34
				0.707107	0	0.707107
				0	1	0
				-0.707107	0	0.707107
				-21.187	-2.72414	20.3979
			}
			{VolumeView "piece05.ply"}
		}
		{bone "piece06"
			{Matrix34
				0.707107	0	-0.707107
				0	1	0
				0.707107	0	0.707107
				19.6351	-2.19061	15.9564
			}
			{VolumeView "piece06.ply"}
		}
		{bone "piece08"
			{Matrix34
				0.707107	0	-0.707107
				0	1	0
				0.707107	0	0.707107
				-12.4123	-2.07097	-12.327
			}
			{VolumeView "piece08.ply"}
		}
		{bone "piece03"
			{Matrix34
				-1	0	0
				0	1	0
				0	0	-1
				-12.76	1.51773	-11.6729
			}
			{VolumeView "piece03.ply"}
		}
		{bone "piece01"
			{Matrix34
				-1	0	0
				0	1	0
				0	0	-1
				-16.5947	1.45358	11.89
			}
			{VolumeView "piece01.ply"}
		}
		{bone "piece02"
			{Matrix34
				-1	0	0
				0	1	0
				0	0	-1
				15.6674	1.45359	13.3196
			}
			{VolumeView "piece02.ply"}
		}
		{bone "piece04"
			{Matrix34
				-1	0	0
				0	1	0
				0	0	-1
				23.548	1.51773	-8.9824
			}
			{VolumeView "piece04.ply"}
		}
	}
}
{Volume "piece01"
	{Box 25.1905 20.7939 1.42195}
	{Bone "piece01"}
	{Matrix34
		1	0	0
		0	0	-1
		0	1	0
		-0.33239	-0.0356047	-0.0218746
	}
}
{Volume "piece02"
	{Box 28.6256 17.9258 1.42195}
	{Bone "piece02"}
	{Matrix34
		1	0	0
		0	0	-1
		0	1	0
		0.0361675	-0.0356112	-0.0758801
	}
}
{Volume "piece03"
	{Box 40.5567 18.2987 1.42195}
	{Bone "piece03"}
	{Matrix34
		1	0	0
		0	0	-1
		0	1	0
		0.01505	-0.0997538	-0.561121
	}
}
{Volume "piece04"
	{Box 20.4043 20.7939 1.42195}
	{Bone "piece04"}
	{Matrix34
		1	0	0
		0	0	-1
		0	1	0
		0.00343123	-0.0997519	-0.25293
	}
}
{Volume "piece05"
	{Box 1.32938 1.42532 24.87}
	{Bone "piece05"}
	{Matrix34
		0	-1	0
		1	0	0
		0	0	1
		-0.065076	-0.0469094	-0.0333584
	}
}
{Volume "piece06"
	{Box 1.32938 1.42532 27.6333}
	{Bone "piece06"}
	{Matrix34
		0	-1	0
		1	0	0
		0	0	1
		-0.057499	0.0477138	0.296913
	}
}
{Volume "piece07"
	{Box 1.32938 1.42532 31.6844}
	{Bone "piece07"}
	{Matrix34
		0	-1	0
		1	0	0
		0	0	1
		-0.129268	-0.0826933	-0.534877
	}
}
{Volume "piece08"
	{Box 1.32938 1.42532 17.409}
	{Bone "piece08"}
	{Matrix34
		0	-1	0
		1	0	0
		0	0	1
		0.0478119	-0.0820598	-0.280286
	}
}
