;Exported by: Loskutov_K
;Date:        Mon Apr 26 13:48:10 2010
;File:        D:\_Vietnam\Art\Models\Houses\X\House_big_1_x\hb1_completex.max
{Skeleton
	{bone "roofhold8_hb1_x"
		{Orientation
			1	0	0
			0	-1	0
			0	0	1
		}
		{bone "piece02"
			{Matrix34
				1	0	0
				0	-0.674169	-0.738577
				0	0.738577	-0.674169
				26.2512	2.26852	1.73921
			}
			{VolumeView "piece02.ply"}
		}
		{bone "piece03"
			{Matrix34
				1	0	0
				0	-0.674169	-0.738577
				0	0.738577	-0.674169
				-5.69041	4.36712	-0.176376
			}
			{VolumeView "piece03.ply"}
		}
		{bone "piece01"
			{Matrix34
				1	0	0
				0	-0.674169	-0.738577
				0	0.738577	-0.674169
				10.9584	16.2779	-10.7522
			}
			{VolumeView "piece01.ply"}
		}
	}
}
{Volume "piece01"
	{Box 23.1951 21.4821 2.29152}
	{Bone "piece01"}
	{Matrix34
		1	0	0
		0	0	-1
		0	1	0
		0.882643	0.158959	-0.262146
	}
}
{Volume "piece02"
	{Box 19.0123 19.8908 2.29152}
	{Bone "piece02"}
	{Matrix34
		1	0	0
		0	0	-1
		0	1	0
		-0.992867	0.247139	2.37735
	}
}
{Volume "piece03"
	{Box 19.0123 19.8908 2.29152}
	{Bone "piece03"}
	{Matrix34
		1	0	0
		0	0	-1
		0	1	0
		0.923006	0.247139	-0.464046
	}
}
