;Exported by: Loskutov_K
;Date:        Mon Apr 26 13:48:08 2010
;File:        D:\_Vietnam\Art\Models\Houses\X\House_big_1_x\hb1_completex.max
{Skeleton
	{bone "roofhold4_hb1_x"
		{Orientation
			1	0	0
			0	-1	0
			0	0	1
		}
		{bone "piece01"
			{Matrix34
				-1	0	0
				0	-0.707107	-0.707107
				0	-0.707107	0.707107
				-14.7725	4.0416	37.3606
			}
			{VolumeView "piece01.ply"}
		}
		{bone "piece03"
			{Matrix34
				1	0	0
				0	-0.692563	0.721357
				0	-0.721357	-0.692563
				-42.2487	-23.1659	21.7298
			}
			{VolumeView "piece03.ply"}
		}
		{bone "piece04"
			{Matrix34
				1	0	0
				0	-0.692563	0.721357
				0	-0.721357	-0.692563
				-13.7426	-19.9448	23.2437
			}
			{VolumeView "piece04.ply"}
		}
		{bone "piece05"
			{Position -0.263672	0.44397	20.0352}
			{VolumeView "piece05.ply"}
		}
		{bone "piece02"
			{Matrix34
				1	0	0
				0	-0.690038	-0.723773
				0	0.723773	-0.690038
				-22.0086	22.8142	21.1013
			}
			{VolumeView "piece02.ply"}
		}
	}
}
{Volume "piece01"
	{Polyhedron "piece01.vol"}
	{Bone "piece01"}
	{Matrix34
		0	-0.707107	-0.707107
		0	-0.707107	0.707107
		-1	0	0
		23.4245	6.53348	0.735359
	}
}
{Volume "piece02"
	{Box 42.5807 27.9446 2.31305}
	{Bone "piece02"}
	{Matrix34
		-1	0	0
		0	6.54757e-005	-1
		0	-1	-6.54757e-005
		-0.244347	0.491037	-1.66764
	}
}
{Volume "piece03"
	{Box 23.0166 27.9446 2.31305}
	{Bone "piece03"}
	{Matrix34
		-1	0	0
		0	-0.00204116	-0.999998
		0	-0.999998	0.00204116
		-0.248261	0.482784	-0.0466964
	}
}
{Volume "piece04"
	{Box 23.0166 27.9446 2.31305}
	{Bone "piece04"}
	{Matrix34
		-1	0	0
		0	-0.00204116	-0.999998
		0	-0.999998	0.00204116
		0.71643	0.201992	1.29538
	}
}
{Volume "piece05"
	{Box 2.60522 2.69509 28.6651}
	{Bone "piece05"}
	{Matrix34
		1	0	0
		0	1	0
		0	0	1.21713
		0.0221176	-0.43203	-2.07778
	}
}
