;Exported by: Normand
;Date:        Sat Apr 04 19:01:11 2015
;File:        C:\Users\Normand\sh4_xx.max
{Skeleton
	{bone "basis"
		{parameters "WheelRadius=0.2;"}
		{Orientation
			1	0	0
			0	-1	0
			0	0	1
		}
		{bone "body"
			{parameters "ID=body;"}
			{Matrix34
				0.999759	0.00243213	-0.0218149
				-0.00243271	0.999997	0
				0.0218148	5.30692e-005	0.999762
				2.7931	0.118012	13.1054
			}
			{VolumeView "body.ply"}
			{bone revolute "mgun_turret"
				{parameters "ID=body;"}
				{limits -15 15}
				{Matrix34
					0.999997	-0.00243282	0
					0.00243282	0.999997	0
					0	0	1
					12.8071	-11.8069	6.96499
				}
				{VolumeView "mgun_turret.ply"}
			}
			{bone "engine"
				{parameters "ID=engine;"}
				{Position	0	0	0}
				{bone "engine_hutch"
					{parameters "ID=engine;"}
					{Matrix34
						0.999997	-0.00243282	0
						0.00243282	0.999997	0
						0	0	1
						-22.3588	0.166362	5.84888
					}
					{VolumeView "engine_hutch.ply"}
				}
			}
			{bone "motor"
				{parameters "ID=body;"}
				{Matrix34
					0.635676	-0.00154649	0.771954
					0.00243282	0.999997	0
					-0.771952	0.00187803	0.635678
					-33.669	0.478306	-4.52326
				}
				{VolumeView "motor.ply"}
				{bone "wh_back"
					{parameters "ID=body;"}
					{Matrix34
						1	0	0
						0	1	0
						0	0	1
						-8.95346	-0.0574553	0.933828
					}
					{VolumeView "wh_back.ply"}
				}
			}
			{bone "window_frame"
				{parameters "ID=body;"}
				{Matrix34
					0.993029	-0.00241634	0.117845
					0.0024333	0.999997	0
					-0.117845	0.000286753	0.993032
					10.1946	-0.0928855	6.39922
				}
				{VolumeView "window_frame.ply"}
			}
			{bone "fxfire1"
				{Matrix34
					0.999997	-0.00243282	0
					0.00243282	0.999997	0
					0	0	1
					-26.1765	0.206001	-2.63944
				}
			}
			{bone "shield_sup1"
				{parameters "ID=shield;"}
				{Matrix34
					0.999983	0	0.00591177
					0	1	0
					-0.00591184	0	0.999983
					-4.89431	0.0119063	3.58866
				}
				{VolumeView "shield_sup1.ply"}
				{bone "shield_sup4"
					{parameters "ID=shield;"}
					{Matrix34
						0.295968	0	0.955198
						0	1	0
						-0.955198	0	0.295968
						-2.86312	0.089172	0.909473
					}
					{VolumeView "shield_sup4.ply"}
					{bone "shield_sup2"
						{parameters "ID=shield;"}
						{Matrix34
							-0.807126	0	0.590379
							0	1	0
							-0.590379	0	-0.807126
							0.66014	-0.0830551	-0.539818
						}
						{VolumeView "shield_sup2.ply"}
					}
					{bone "shield_sup3"
						{parameters "ID=shield;"}
						{Matrix34
							0.314756	0	-0.949173
							0	1	0
							0.949173	0	0.314756
							-0.681637	-0.082182	-0.579884
						}
						{VolumeView "shield_sup3.ply"}
					}
				}
			}
		}
		{bone "pivot_front"
			{Position 21.9147	0.0532999	4.99192}
			{bone revolute "steer_l"
				{Matrix34
					1	0	0
					0	-1	0
					0	0	1
					-0.0896263	13.8559	0.0916328
				}
				{bone revolute "wheell1"
					{parameters "ID=wheelleft1;"}
					{Matrix34
						-1	0	0
						0	-0.0174523	0.999848
						0	0.999848	0.0174523
						-0.0189056	-0.467575	-0.139914
					}
					{VolumeView "wheell1.ply"}
				}
			}
			{bone revolute "steer_r"
				{Matrix34
					1	0	0
					0	-1	0
					0	0	1
					-0.09235	-13.2642	0.0916328
				}
				{bone revolute "wheelr1"
					{parameters "ID=wheelright1;"}
					{Matrix34
						-1	0	0
						0	0.0174525	0.999848
						0	-0.999848	0.0174525
						-0.0161819	0.824529	-0.139914
					}
					{VolumeView "wheelr1.ply"}
				}
			}
			{bone "spring"
				{parameters "ID=body;"}
				{Matrix34
					0.999997	0.00243271	0
					-0.00243271	0.999997	0
					0	0	1
					-19.1216	0.0647119	8.63475
				}
				{VolumeView "spring.ply"}
			}
		}
		{bone "pivot_back"
			{parameters "ID=body;"}
			{Matrix34
				0.999997	0.00243271	0
				-0.00243271	0.999997	0
				0	0	1
				-17.9311	0.148758	5.10903
			}
			{VolumeView "pivot_back.ply"}
			{bone revolute "wheelr2"
				{parameters "ID=wheelright2;"}
				{Matrix34
					-0.999997	0.00243315	0
					-4.24642e-005	-0.0174523	0.999848
					0.00243278	0.999845	0.0174523
					-0.017189	-14.1842	-0.165389
				}
				{VolumeView "wheelr2.ply"}
			}
			{bone revolute "wheell2"
				{parameters "ID=wheelleft2;"}
				{Matrix34
					-0.999997	0.00243227	0
					4.24486e-005	0.0174523	0.999848
					-0.0024319	-0.999845	0.0174523
					0.0519295	14.2279	-0.165389
				}
				{VolumeView "wheell2.ply"}
			}
		}
	}
}
{Volume "body"
	{Polyhedron "body.vol"}
	{Bone "body"}
	{Matrix34
		0.999997	-0.00243282	0
		0.00243282	0.999997	0
		0	0	1
		-0.90911	-0.336204	-11.0568
	}
}
{Volume "engine"
	{Polyhedron "engine.vol"}
	{Bone "engine"}
	{Matrix34
		0.999997	-0.00243282	0
		0.00243282	0.999997	0
		0	0	1
		-0.909111	-0.336204	-11.0568
	}
}
{Volume "wheelleft1"
	{Cylinder 4 4}
	{Bone "wheell1"}
	{Matrix34
		-0.999999	0	-0.00174475
		0	1	0
		0.00174475	0	-0.999999
		-0.0508432	-0.00505274	0.0506421
	}
}
{Volume "wheelleft2"
	{Cylinder 4 4}
	{Bone "wheell2"}
	{Matrix34
		-0.999999	0	-0.00174475
		0	1	0
		0.00174475	0	-0.999999
		-0.0508432	-0.00505274	0.0506421
	}
}
{Volume "wheelright1"
	{Cylinder 4 4}
	{Bone "wheelr1"}
	{Matrix34
		-0.999999	0	-0.00174475
		0	1	0
		0.00174475	0	-0.999999
		-0.0508432	-0.00505274	0.0506421
	}
}
{Volume "wheelright2"
	{Cylinder 4 4}
	{Bone "wheelr2"}
	{Matrix34
		-0.999999	0	-0.00174475
		0	1	0
		0.00174475	0	-0.999999
		-0.0508432	-0.00505274	0.0506421
	}
}