;Exported by: Loskutov_K
;Date:        Thu Apr 01 16:10:21 2010
;File:        D:\_Vietnam\Art\Models\Structure\x\Bamboo_tower_x\tower_x.max
{Skeleton
	{bone "tower_roof_x"
		{Orientation
			1	0	0
			0	-1	0
			0	0	1
		}
		{bone "piece04"
			{Matrix34
				0	-1	0
				-0.51141	0	-0.859337
				0.859337	0	-0.51141
				36.3219	-22.7606	-1.28928
			}
			{VolumeView "piece04.ply"}
		}
		{bone "piece05"
			{Matrix34
				0	-1	0
				0.489852	0	-0.871805
				0.871805	0	0.489852
				-24.1292	0.615929	5.01471
			}
			{VolumeView "piece05.ply"}
		}
		{bone "piece06"
			{Matrix34
				0	1	0
				0.47796	0	-0.878382
				-0.878382	0	-0.47796
				-43.3245	8.41555	-6.34143
			}
			{VolumeView "piece06.ply"}
		}
		{bone "piece08"
			{Matrix34
				0.848959	0	0.528459
				-0.528459	0	0.848959
				0	-1	0
				-49.6969	-9.00306	-12.7526
			}
			{VolumeView "piece08.ply"}
		}
		{bone "piece09"
			{Matrix34
				0	-1	0
				0	0	-1
				1	0	0
				5.65382	168.622	-6.6828
			}
			{VolumeView "piece09.ply"}
		}
		{bone "piece10"
			{Matrix34
				1	0	0
				0	0	-1
				0	1	0
				-95.6715	-1.55983	-9.40839
			}
			{VolumeView "piece10.ply"}
		}
		{bone "piece11"
			{Matrix34
				0	-1	0
				0	0	-1
				1	0	0
				9.47212	95.1205	-10.802
			}
			{VolumeView "piece11.ply"}
		}
		{bone "piece01"
			{Matrix34
				-1	0	0
				0	0.51141	-0.859337
				0	-0.859337	-0.51141
				-0.10347	-30.4183	3.00616
			}
			{VolumeView "piece01.ply"}
		}
		{bone "piece02"
			{Matrix34
				0	1	0
				-0.489853	0	-0.871805
				-0.871805	0	0.489853
				36.0726	14.609	-2.59033
			}
			{VolumeView "piece02.ply"}
		}
		{bone "piece03"
			{Matrix34
				0	-1	0
				-0.47796	0	-0.878382
				0.878382	0	-0.47796
				18.9628	1.82168	8.72852
			}
			{VolumeView "piece03.ply"}
		}
		{bone "piece07"
			{Matrix34
				0	0.848959	0.528459
				0	-0.528459	0.848959
				1	0	0
				-10.4056	-35.3048	-3.06989
			}
			{VolumeView "piece07.ply"}
		}
	}
}
{Volume "piece01"
	{Box 19.5375 23.1705 3.22934}
	{Bone "piece01"}
	{Matrix34
		0	-0.0143114	0.999897
		-1	0	0
		0	-0.999897	-0.0143114
		-0.682487	0.81173	1.68693
	}
}
{Volume "piece02"
	{Box 18.6494 45.13 3.31008}
	{Bone "piece02"}
	{Matrix34
		0	0.0105927	-0.999944
		1	0	0
		0	-0.999944	-0.0105927
		-0.852718	-0.263427	-2.32672
	}
}
{Volume "piece03"
	{Box 19.8604 26.1577 3.63301}
	{Bone "piece03"}
	{Matrix34
		0	0.0241808	0.999707
		-1	0	0
		0	-0.999707	0.0241808
		1.00535	0.903723	0.809291
	}
}
{Volume "piece04"
	{Box 19.5375 23.1705 3.22934}
	{Bone "piece04"}
	{Matrix34
		0	-0.0143114	0.999897
		-1	0	0
		0	-0.999897	-0.0143114
		-0.682488	0.81174	1.68693
	}
}
{Volume "piece05"
	{Box 18.6494 45.13 3.31008}
	{Bone "piece05"}
	{Matrix34
		0	0.0105927	-0.999944
		1	0	0
		0	-0.999944	-0.0105927
		-0.852718	-0.26342	-2.32672
	}
}
{Volume "piece06"
	{Box 19.8604 26.1577 3.63301}
	{Bone "piece06"}
	{Matrix34
		0	0.0241808	0.999707
		-1	0	0
		0	-0.999707	0.0241808
		1.00535	0.903721	0.809293
	}
}
{Volume "piece07"
	{Polyhedron "piece07.vol"}
	{Bone "piece07"}
	{Matrix34
		0	0	-1
		-1	0	0
		0	1	0
		3.88775	-1.66494	-16.0643
	}
}
{Volume "piece08"
	{Polyhedron "piece08.vol"}
	{Bone "piece08"}
	{Matrix34
		0	0	-1
		-1	0	0
		0	1	0
		3.88775	-1.66494	-16.0643
	}
}
{Volume "piece09"
	{Box 2.13333 2.21091 42.9346}
	{Bone "piece09"}
	{Matrix34
		0	1	0
		-1	0	0
		0	0	1
		125.51	0.156904	-0.373276
	}
}
{Volume "piece10"
	{Box 2.13333 2.21091 42.9346}
	{Bone "piece10"}
	{Matrix34
		0	1	0
		-1	0	0
		0	0	1
		125.521	-0.0433629	-0.302999
	}
}
{Volume "piece11"
	{Box 2.13333 2.21091 42.9346}
	{Bone "piece11"}
	{Matrix34
		0	1	0
		-1	0	0
		0	0	1
		125.521	-0.0433676	-0.302999
	}
}
