;Exported by: Loskutov_K
;Date:        Wed Apr 21 13:39:45 2010
;File:        D:\_Vietnam\Art\Models\Houses\X\Saray_3_x\saray_3_x.max
{Skeleton
	{bone "roofhold1_s3_x"
		{Orientation
			1	0	0
			0	-1	0
			0	0	1
		}
		{bone "piece01"
			{Matrix34
				0	1	0
				-0.707107	0	-0.707107
				-0.707107	0	0.707107
				5.13292	-11.403	15.0967
			}
			{VolumeView "piece01.ply"}
		}
		{bone "piece04"
			{Matrix34
				-1	0	0
				0	0	1
				0	1	0
				0.226288	-32.3322	17.0834
			}
			{VolumeView "piece04.ply"}
		}
		{bone "piece02"
			{Matrix34
				0	-1	0
				-0.707107	0	-0.707107
				0.707107	0	-0.707107
				15.4726	16.3619	2.52657
			}
			{VolumeView "piece02.ply"}
		}
		{bone "piece03"
			{Matrix34
				0	1	0
				0.707107	0	-0.707107
				-0.707107	0	-0.707107
				-20.0213	15.8577	-2.6219
			}
			{VolumeView "piece03.ply"}
		}
	}
}
{Volume "piece01"
	{Polyhedron "piece01.vol"}
	{Bone "piece01"}
	{Matrix34
		0	-0.707107	-0.707107
		0	-0.707107	0.707107
		-1	0	0
		23.4245	6.53348	0.735367
	}
}
{Volume "piece02"
	{Box 21.2803 23.6515 2.23877}
	{Bone "piece02"}
	{Matrix34
		-1	0	0
		0	-0.00120053	-0.999999
		0	-0.999999	0.00120053
		0.359581	0.102805	0.621633
	}
}
{Volume "piece03"
	{Box 21.2803 23.6515 2.23877}
	{Bone "piece03"}
	{Matrix34
		-1	0	0
		0	-0.00120053	-0.999999
		0	-0.999999	0.00120053
		0.608677	0.111892	0.474523
	}
}
{Volume "piece04"
	{Box 2.07983 2.1697 17.5114}
	{Bone "piece04"}
	{Position 0.241461	0.372009	-0.593358}
}
