;Exported by: Loskutov_K
;Date:        Tue Apr 20 17:38:48 2010
;File:        D:\_Vietnam\Art\Models\Houses\X\Stolovaya_x\stolovaya_x.max
{Skeleton
	{bone "roofhold5_st_x"
		{Orientation
			1	0	0
			0	-1	0
			0	0	1
		}
		{bone "piece02"
			{Matrix34
				0	1	0
				0.359188	0	-0.933265
				-0.933265	0	-0.359188
				-4.57319	-5.3638	26.4693
			}
			{VolumeView "piece02.ply"}
		}
		{bone "piece03"
			{Matrix34
				0	1	0
				0.359188	0	-0.933265
				-0.933265	0	-0.359188
				-13.6699	17.2481	23.0926
			}
			{VolumeView "piece03.ply"}
		}
		{bone "piece01"
			{Matrix34
				0	-1	0
				-0.356976	0	-0.934114
				0.934114	0	-0.356976
				19.1796	-9.56587	23.7424
			}
			{VolumeView "piece01.ply"}
		}
		{bone "piece04"
			{Matrix34
				0	-1	0
				-0.356976	0	-0.934114
				0.934114	0	-0.356976
				10.9309	20.8311	27.0551
			}
			{VolumeView "piece04.ply"}
		}
	}
}
{Volume "piece01"
	{Box 21.2803 23.6515 2.23877}
	{Bone "piece01"}
	{Matrix34
		-1	0	0
		0	-0.0012005	-0.999999
		0	-0.999999	0.0012005
		0.608677	0.111896	0.474521
	}
}
{Volume "piece02"
	{Box 23.9956 20.1563 2.22999}
	{Bone "piece02"}
	{Matrix34
		-1	0	0
		0	0.00778159	-0.99997
		0	-0.99997	-0.00778159
		-0.535408	0.0852405	0.777998
	}
}
{Volume "piece03"
	{Box 23.9956 20.1563 2.22999}
	{Bone "piece03"}
	{Matrix34
		-1	0	0
		0	0.00778159	-0.99997
		0	-0.99997	-0.00778159
		-1.02441	0.502988	-0.808102
	}
}
{Volume "piece04"
	{Box 21.2803 23.6515 2.23877}
	{Bone "piece04"}
	{Matrix34
		-1	0	0
		0	-0.0012005	-0.999999
		0	-0.999999	0.0012005
		0.359581	0.102801	0.621629
	}
}
