;Exported by: Loskutov_K
;Date:        Tue Apr 20 17:38:49 2010
;File:        D:\_Vietnam\Art\Models\Houses\X\Stolovaya_x\stolovaya_x.max
{Skeleton
	{bone "roofhold2_st_x"
		{Orientation
			1	0	0
			0	-1	0
			0	0	1
		}
		{bone "piece04"
			{Matrix34
				0	-1	0
				-0.386082	0	-0.922465
				0.922465	0	-0.386082
				11.9656	37.4511	26.588
			}
			{VolumeView "piece04.ply"}
		}
		{bone "piece03"
			{Matrix34
				0	-1	0
				-0.386082	0	-0.922465
				0.922465	0	-0.386082
				27.6593	15.249	21.0028
			}
			{VolumeView "piece03.ply"}
		}
		{bone "piece02"
			{Matrix34
				0	1	0
				0.366856	0	-0.930278
				-0.930278	0	-0.366856
				-9.57429	10.7158	24.7174
			}
			{VolumeView "piece02.ply"}
		}
		{bone "piece05"
			{Matrix34
				1	0	0
				0	0.999675	-0.0255075
				0	0.0255075	0.999675
				5.00702	-2.10535	5.21371
			}
			{VolumeView "piece05.ply"}
		}
		{bone "piece01"
			{Matrix34
				0	-1	0
				0.366856	0	-0.930278
				0.930278	0	0.366856
				-15.7308	39.9179	22.2357
			}
			{VolumeView "piece01.ply"}
		}
	}
}
{Volume "piece01"
	{Box 23.0166 27.9446 2.31305}
	{Bone "piece01"}
	{Matrix34
		-1	0	0
		0	0.00598013	-0.999982
		0	-0.999982	-0.00598013
		0.719063	0.335449	0.160448
	}
}
{Volume "piece02"
	{Box 23.0166 27.9446 2.31305}
	{Bone "piece02"}
	{Matrix34
		1	0	0
		0	0.00598031	0.999982
		0	-0.999982	0.00598031
		0.892548	0.164039	-1.8094
	}
}
{Volume "piece03"
	{Box 23.0166 27.9446 2.31305}
	{Bone "piece03"}
	{Matrix34
		-1	0	0
		0	-0.00204116	-0.999998
		0	-0.999998	0.00204116
		-0.248261	0.482784	-0.0466983
	}
}
{Volume "piece04"
	{Box 23.0166 27.9446 2.31305}
	{Bone "piece04"}
	{Matrix34
		-1	0	0
		0	-0.00204116	-0.999998
		0	-0.999998	0.00204116
		0.716434	0.202	1.29538
	}
}
{Volume "piece05"
	{Box 45.3427 27.9446 2.31305}
	{Bone "piece05"}
	{Matrix34
		-1	0	0
		0	0.0162615	-0.999868
		0	-0.999868	-0.0162615
		0.264116	0.193445	-2.05078
	}
}
