;Exported by: lz
;Date:        Tue Sep 27 11:47:13 2011
;File:        C:\Users\lz\Desktop\新建文件夹\japhelmet1\1.max
{Skeleton
	{bone "jp-helmet1"
		{parameters "CommonMesh;"}
		{Orientation
			1	0	0
			0	-1	0
			0	0	1
		}
		{VolumeView "jp-helmet1.ply"}
		{bone "handle"
			{Matrix34
				0.999937	0.00703225	0.0087427
				-0.00703251	0.999975	0
				-0.00874248	-6.14831e-005	0.999962
				0.408069	-0.00423494	1.02305
			}
		}
	}
}
{Volume "body"
	{Box 4.14813 3.61352 3.32807}
	{Bone "jp-helmet1"}
	{Matrix34
		0.999937	0.00703225	0.00874271
		-0.00703251	0.999976	0
		-0.00874248	-6.14834e-005	0.999962
		0.103498	-0.0200104	3.82926
	}
}
{Volume "select"
	{Box 8.33811 5.92873 4.67327}
	{Bone "jp-helmet1"}
	{Matrix34
		0.999937	0.00703225	0.00874271
		-0.00703251	0.999976	0
		-0.00874248	-6.14834e-005	0.999962
		-0.0457142	0.0283086	3.85366
	}
}
{Extender "preview"
	{"stuff"
		{camera
			{origin 27.3447	-28.6948	6.70082}
			{lookat -0.160438	0.126253	2.67798}
			{fov 8.28224}
			{horizon 1.00015}
		}
		{lights
			{"0"
				{type point}
				{position 2.68621	0.296136	6.28977}
			}
			{"1"
				{type spot}
				{position 17.6261	-6.25774	6.02808}
				{direction -0.461385	0.179986	-0.0687651}
				{theta 43}
				{phi 45}
			}
		}
	}
}
