;Exported by: Loskutov_K
;Date:        Wed Mar 31 13:39:22 2010
;File:        D:\_Vietnam\Art\Models\Houses\X\House_middle_1_x\House_middle_1_x.max
{Skeleton
	{bone "roofhold3_hm1_x"
		{Orientation
			1	0	0
			0	-1	0
			0	0	1
		}
		{bone "piece02"
			{Matrix34
				1	0	0
				0	-0.707107	-0.707107
				0	0.707107	-0.707107
				1.56081	9.35621	33.405
			}
			{VolumeView "piece02.ply"}
		}
		{bone "piece01"
			{Matrix34
				-1	0	0
				0	0.707107	-0.707107
				0	-0.707107	-0.707107
				7.13356	-13.9674	30.8455
			}
			{VolumeView "piece01.ply"}
		}
		{bone "piece03"
			{Matrix34
				1	0	0
				0	-0.707107	-0.707107
				0	0.707107	-0.707107
				24.1728	16.299	26.6263
			}
			{VolumeView "piece03.ply"}
		}
	}
}
{Volume "piece01"
	{Box 23.9956 20.1563 2.22999}
	{Bone "piece01"}
	{Matrix34
		-1	0	0
		0	0.00778157	-0.99997
		0	-0.99997	-0.00778157
		-0.0331487	0.373402	-1.40973
	}
}
{Volume "piece02"
	{Box 23.9956 20.1563 2.22999}
	{Bone "piece02"}
	{Matrix34
		-1	0	0
		0	0.00778157	-0.99997
		0	-0.99997	-0.00778157
		-0.535407	0.0852425	0.777999
	}
}
{Volume "piece03"
	{Box 23.9956 20.1563 2.22999}
	{Bone "piece03"}
	{Matrix34
		-1	0	0
		0	0.00778157	-0.99997
		0	-0.99997	-0.00778157
		-1.02441	0.502985	-0.808102
	}
}
