;Exported by: Руслан
;Date:        Wed Aug 28 17:59:53 2013
;File:        C:\Users\Руслан\Documents\3dsmax\scenes\Новая папка\new_okop_baza_5.max
{Skeleton
	{bone "wall_baza_20"
		{Orientation
			1	0	0
			0	-1	0
			0	0	1
		}
		{VolumeView "wall_baza_20.ply"}
	}
}
{Obstacle "body"
	{Obb2
		{Center 53.1597 52.4076}
		{Extent 3.52223 28.6526}
		{Axis 0.866158 0.49977}
	}
	{Rotate}
	{Tags  "body"}
}
{Obstacle "body2"
	{Obb2
		{Center 59.393 8.21953}
		{Extent 24.7895 2.40407}
		{Axis 0.191495 0.981494}
	}
	{Rotate}
	{Tags  "body"}
}
{Obstacle "body3"
	{Obb2
		{Center 53.5822 8.33293}
		{Extent 25.0175 7.82357}
		{Axis 0.0531046 0.998589}
	}
	{Rotate}
	{Tags  "body"}
}
{Volume "body"
	{Box 57.2569 6.612 39.9025}
	{Bone "wall_baza_20"}
	{Matrix34
		0.493211	0.86991	0
		-0.86991	0.493211	0
		0	0	1
		53.1597	-52.4076	-19.9512
	}
}
{Volume "body2"
	{Box 4.49908 49.552 19.2084}
	{Bone "wall_baza_20"}
	{Matrix34
		0.982669	0.185368	0
		-0.185368	0.982669	0
		0	0	1
		59.393	-8.21953	-27.6709
	}
}
{Volume "body3"
	{Box 4.49908 49.552 19.2084}
	{Bone "wall_baza_20"}
	{Matrix34
		0.793779	0.0690218	0.604278
		-0.0620845	0.997545	-0.0323874
		-0.60503	-0.0118078	0.796115
		53.5822	-8.33293	0.776863
	}
}
