;Exported by: Loskutov_K
;Date:        Tue Apr 13 17:48:06 2010
;File:        D:\_Vietnam\Art\Models\Structure\x\bridge_middle_x\brm_x.max
{Skeleton
	{bone "beams_x"
		{Orientation
			1	0	0
			0	-1	0
			0	0	1
		}
		{VolumeView "beams_x.ply"}
		{bone "piece01"
			{Matrix34
				-0.153997	0	0.988071
				0	1	0
				-0.988071	0	-0.153997
				-48.5364	16.8364	23.0392
			}
			{VolumeView "piece01.ply"}
		}
		{bone "piece06"
			{Matrix34
				0.998293	0	-0.0584017
				0	1	0
				0.0584017	0	0.998293
				20.5878	-17.0602	22.7631
			}
			{VolumeView "piece06.ply"}
		}
		{bone "piece04"
			{Matrix34
				0.98701	0	0.16066
				0	1	0
				-0.16066	0	0.98701
				-65.1172	-17.4452	17.0361
			}
			{VolumeView "piece04.ply"}
		}
		{bone "piece05"
			{Matrix34
				0.997023	0	0.0771062
				0	1	0
				-0.0771062	0	0.997023
				-23.4709	-16.6239	22.5662
			}
			{VolumeView "piece05.ply"}
		}
		{bone "piece08"
			{Matrix34
				0	1	0
				0	0	-1
				-1	0	0
				6.87196	2.6576	12.1929
			}
			{VolumeView "piece08.ply"}
		}
		{bone "piece07"
			{Matrix34
				0	1	0
				0.104283	0	-0.994548
				-0.994548	0	-0.104283
				-23.8418	2.55241	10.6484
			}
			{VolumeView "piece07.ply"}
		}
		{bone "piece09"
			{Matrix34
				0	1	0
				-0.123566	0	-0.992336
				-0.992336	0	0.123566
				38.9477	1.96812	9.51312
			}
			{VolumeView "piece09.ply"}
		}
		{bone "piece02"
			{Matrix34
				0.00854948	0.997023	0.0766308
				-0.993833	0	0.110883
				0.110553	-0.0771062	0.990875
				19.9015	16.1838	22.5662
			}
			{VolumeView "piece02.ply"}
		}
		{bone "piece03"
			{Matrix34
				-0.00753367	0.998293	-0.0579137
				-0.991643	0	0.129011
				0.128791	0.0584016	0.989951
				65.0142	17.5879	17.755
			}
			{VolumeView "piece03.ply"}
		}
	}
}
{Volume "beams_x1"
	{Box 19.2577 38.04 3.20963}
	{Bone "beams_x"}
	{Matrix34
		0.980757	0	0.19523
		0	1	0
		-0.19523	0	0.980757
		-64.3808	0.705103	4.40151
	}
}
{Volume "beams_x2"
	{Box 19.2577 38.04 3.20963}
	{Bone "beams_x"}
	{Matrix34
		0.987932	0	-0.15489
		0	1	0
		0.15489	0	0.987932
		65.3908	0.705103	4.87233
	}
}
{Volume "piece01"
	{Box 61.5385 2.58425 2.28571}
	{Bone "piece01"}
	{Matrix34
		-0.00914662	0	0.999958
		0.999958	0	0.0091462
		0	1	0
		-0.0834236	-0.145128	0.0728454
	}
}
{Volume "piece02"
	{Polyhedron "piece02.vol"}
	{Bone "piece02"}
	{Matrix34
		0.00950651	-0.997814	0.0653968
		-0.0208956	0.0651873	0.997654
		-0.999736	-0.0108507	-0.0202303
		1.63644	-0.529629	2.65062
	}
}
{Volume "piece03"
	{Box 2.05171 2.22067 18.265}
	{Bone "piece03"}
	{Matrix34
		-0.0042996	-0.999947	0.00938199
		0.999618	-0.00404151	0.0273563
		-0.0273169	0.00949625	0.999582
		-0.267585	0.134199	-1.00118
	}
}
{Volume "piece04"
	{Polyhedron "piece04.vol"}
	{Bone "piece04"}
	{Matrix34
		0.999319	0.000871642	0.0368845
		-0.0368601	-0.0197882	0.999124
		0.00160076	-0.999804	-0.0197426
		4.11029	2.07975	3.12402
	}
}
{Volume "piece05"
	{Box 2.05171 2.22067 18.265}
	{Bone "piece05"}
	{Matrix34
		0.999981	-0.00376171	-0.00494907
		0.00360223	0.999486	-0.0318479
		0.00506633	0.0318294	0.999481
		0.0913428	-0.41013	-1.13139
	}
}
{Volume "piece06"
	{Polyhedron "piece06.vol"}
	{Bone "piece06"}
	{Matrix34
		0.999914	0.000888316	0.0130983
		-0.0130785	-0.019573	0.999723
		0.00114444	-0.999808	-0.0195597
		0.0078392	1.69474	2.38517
	}
}
{Volume "piece07"
	{Box 19.2577 38.04 2.5677}
	{Bone "piece07"}
	{Matrix34
		0	0.00919583	-0.999958
		1	-1.53175e-005	0
		0	-0.999958	-0.00919583
		-1.84732	0.110349	-1.43746
	}
}
{Volume "piece08"
	{Box 15.7913 38.04 1.5663}
	{Bone "piece08"}
	{Matrix34
		0	-0.0141695	-0.9999
		1	0	0
		0	-0.9999	0.0141695
		-1.9525	-0.0372756	-0.169658
	}
}
{Volume "piece09"
	{Box 19.8971 38.04 2.34945}
	{Bone "piece09"}
	{Matrix34
		0	0.00552655	-0.999985
		1	0	0
		0	-0.999985	-0.00552655
		-1.26302	-0.0758594	0.753239
	}
}
