;Exported by: Фёдор
;Date:        Tue Jul 15 16:44:53 2014
;File:        C:\Users\Фёдор\Documents\3dsmax\scenes\fqw\belgiangate.max
{Skeleton
	{bone "basic"
		{Orientation
			1	0	0
			0	-1	0
			0	0	1
		}
		{bone "piece08"
			{Matrix34
				1	0	0
				0	0	1
				0	-1	0
				0.0522308	26.375	9.94922
			}
			{VolumeView "piece08.ply"}
		}
		{bone "piece07"
			{Matrix34
				1	0	0
				0	0	1
				0	-1	0
				0.0522308	-0.795059	9.94922
			}
			{VolumeView "piece07.ply"}
		}
		{bone "piece06"
			{Matrix34
				0.707107	0	0.707107
				0	1	0
				-0.707107	0	0.707107
				9.26483	0.00732422	0
			}
			{VolumeView "piece06.ply"}
		}
		{bone "piece05"
			{Matrix34
				0.707107	0	-0.707107
				0	1	0
				0.707107	0	0.707107
				-9.63504	0.00732422	0
			}
			{VolumeView "piece05.ply"}
		}
		{bone "piece04"
			{Matrix34
				0.707107	0	0.707107
				0	1	0
				-0.707107	0	0.707107
				9.26483	27.1774	0
			}
			{VolumeView "piece04.ply"}
		}
		{bone "piece03"
			{Matrix34
				0.707107	0	-0.707107
				0	1	0
				0.707107	0	0.707107
				-9.63504	27.1774	0
			}
			{VolumeView "piece03.ply"}
		}
		{bone "piece01"
			{Matrix34
				0.707107	0	-0.707107
				0	1	0
				0.707107	0	0.707107
				-9.63504	-27.2507	0
			}
			{VolumeView "piece01.ply"}
		}
		{bone "piece02"
			{Matrix34
				0.707107	0	0.707107
				0	1	0
				-0.707107	0	0.707107
				9.26483	-27.2507	0
			}
			{VolumeView "piece02.ply"}
		}
	}
}
{Obstacle "piece01"
	{Obb2
		{Center -0.320493 27.2507}
		{Extent 9.74118 1.02362}
		{Axis 1 0}
	}
	{Rotate}
	{Tags  "body"}
}
{Obstacle "piece02"
	{Obb2
		{Center 0.484129 27.2507}
		{Extent 9.74117 1.02362}
		{Axis 1 0}
	}
	{Rotate}
	{Tags  "body"}
}
{Obstacle "piece03"
	{Obb2
		{Center -0.320493 -27.1774}
		{Extent 9.74118 1.02362}
		{Axis 1 0}
	}
	{Rotate}
	{Tags  "body"}
}
{Obstacle "piece04"
	{Obb2
		{Center 0.484129 -27.1774}
		{Extent 9.74117 1.02362}
		{Axis 1 0}
	}
	{Rotate}
	{Tags  "body"}
}
{Obstacle "piece05"
	{Obb2
		{Center -0.320493 -0.00732422}
		{Extent 9.74118 1.02362}
		{Axis 1 0}
	}
	{Rotate}
	{Tags  "body"}
}
{Obstacle "piece06"
	{Obb2
		{Center 0.484129 -0.00732422}
		{Extent 9.74117 1.02362}
		{Axis 1 0}
	}
	{Rotate}
	{Tags  "body"}
}
{Obstacle "piece07"
	{Obb2
		{Center 0.31916 13.5903}
		{Extent 0.980827 12.7953}
		{Axis 1 0}
	}
	{Rotate}
	{Tags  "body"}
}
{Obstacle "piece08"
	{Obb2
		{Center 0.31916 -13.5797}
		{Extent 0.980827 12.7953}
		{Axis 1 0}
	}
	{Rotate}
	{Tags  "body"}
}
{Volume "piece01"
	{Box 1.96165 2.04724 25.5906}
	{Bone "piece01"}
	{Position 0.188751	0	12.984}
}
{Volume "piece02"
	{Box 1.96165 2.04724 25.5906}
	{Bone "piece02"}
	{Position 0.188744	0	12.6065}
}
{Volume "piece03"
	{Box 1.96165 2.04724 25.5906}
	{Bone "piece03"}
	{Position 0.188751	0	12.984}
}
{Volume "piece04"
	{Box 1.96165 2.04724 25.5906}
	{Bone "piece04"}
	{Position 0.188744	0	12.6065}
}
{Volume "piece05"
	{Box 1.96165 2.04724 25.5906}
	{Bone "piece05"}
	{Position 0.188751	0	12.984}
}
{Volume "piece06"
	{Box 1.96165 2.04724 25.5906}
	{Bone "piece06"}
	{Position 0.188744	0	12.6065}
}
{Volume "piece07"
	{Box 1.96165 2.04724 25.5906}
	{Bone "piece07"}
	{Position 0.26693	0	12.7953}
}
{Volume "piece08"
	{Box 1.96165 2.04724 25.5906}
	{Bone "piece08"}
	{Position 0.26693	0	12.7953}
}
