;Exported by: Руслан
;Date:        Sat Oct 26 17:25:51 2013
;File:        C:\Users\Руслан\Documents\3dsmax\scenes\flag_cour.max
{Skeleton
	{animation
		{sequence "flattern" {speed 0.2}}
	}
	{bone revolute "basis"
		{Orientation
			1	0	0
			0	-1	0
			0	0	1
		}
		{bone "bone22"
			{Matrix34
				0	-0.0392263	-0.99923
				0.0470292	-0.998125	0.0391829
				-0.998893	-0.046993	0.00184514
				0	-16.2669	62.2444
			}
		}
		{bone "bone23"
			{Matrix34
				0	0	-1
				0.0470292	-0.998894	0
				-0.998893	-0.0470292	0
				0	-3.66303	62.2444
			}
			{bone "bone21"
				{Matrix34
					0.999547	-0.0299952	-0.00234485
					0.0299952	0.99955	-1.19199e-005
					0.00234415	-5.842e-005	0.999997
					16.2564	-1.19209e-005	0
				}
			}
		}
		{bone "bone24"
			{Matrix34
				0	-0.0392263	-0.99923
				0.0470292	-0.998125	0.0391829
				-0.998893	-0.046993	0.00184514
				0	6.05228	62.2444
			}
			{bone "bone27"
				{Matrix34
					0.999958	0.00919282	-0.000499836
					-0.00919282	0.999958	0
					0.000499881	0	1
					16.2564	-1.23978e-005	0
				}
			}
		}
		{bone "bone25"
			{Matrix34
				0	0	-1
				0.0470292	-0.998894	0
				-0.998893	-0.0470292	0
				0	18.6561	62.2444
			}
		}
		{bone "flag_cour_03"
			{Position 0	0.246872	0}
			{VolumeView "flag_cour_03.ply"}
		}
	}
}
{Volume "body"
	{Box 3.99126 39.3701 27.5591}
	{Bone "basis"}
	{Position -0.754807	0.765045	48.5728}
}
