;Exported by: Normand
;Date:        Sat Jan 26 10:45:46 2013
;File:        C:\Users\Normand\sdkfz251_9.max
{Skeleton
	{animation
		{sequence "stop" {speed 0.2}}
		{sequence "start" {speed 0.2}}
		{sequence "open" {speed 1}}
		{sequence "close" {speed 0.25}}
		{sequence "fire" {speed 0.3}}
	}
	{bone "basis"
		{Orientation
			1	0	0
			0	-1	0
			0	0	1
		}
		{bone "link2"
			{Matrix34
				-1	0	0
				0	0	1
				0	-1	0
				-55.59	-0.30172	12.0774
			}
		}
		{bone "emit1"
			{Matrix34
				0.999966	-0.00820473	0
				0.00820473	0.999966	0
				0	0	1
				-73.0888	-0.33932	0.0419865
			}
		}
		{bone "body"
			{parameters "ID=body;"}
			{animation
				{sequence "repair" {file "body_r.anm"} {speed 0.5}}
			}
			{Position 0.410745	-0.131818	20.0197}
			{VolumeView "body.ply"}
			{bone "detail1"
				{parameters "ID=body;"}
				{Matrix34
					0	1	0
					-1	0	0
					0	0	1
					-4.96709	-17.1354	13.9491
				}
				{VolumeView "detail1.ply"}
				{bone "antena"
					{parameters "ID=body;"}
					{Position 0.0321064	0.0292988	0.649426}
					{VolumeView "antena.ply"}
				}
			}
			{bone "label1"
				{parameters "ID=body;"}
				{Matrix34
					0	1	0
					-1	0	0
					0	0	1
					53.9801	5.23998	2.34659
				}
				{VolumeView "label1.ply"}
			}
			{bone "detail2"
				{parameters "ID=body;"}
				{Matrix34
					0	1	0
					-1	0	0
					0	0	1
					51.5151	10.7029	3.68793
				}
				{VolumeView "detail2.ply"}
			}
			{bone "enumerator"
				{parameters "ID=body;"}
				{Matrix34
					0	1	0
					-1	0	0
					0	0	1
					-26.8808	13.865	13.249
				}
				{VolumeView "enumerator.ply"}
			}
			{bone "door_left"
				{parameters "ID=body;"}
				{Matrix34
					0	0	1
					-1	0	0
					0	-1	0
					-55.7755	12.5296	4.24693
				}
				{VolumeView "door_left.ply"}
			}
			{bone "door_right"
				{parameters "ID=body;"}
				{Matrix34
					0	0	-1
					-1	0	0
					0	1	0
					-55.7769	-12.533	4.24693
				}
				{VolumeView "door_right.ply"}
			}
			{bone "driver"
				{Matrix34
					0.909205	0	0.416348
					0.00342541	0.999966	-0.00748026
					-0.416334	0.00822726	0.909174
					14.8066	7.71674	-10.5941
				}
			}
			{bone "headlightl"
				{Matrix34
					1	0	0
					0	1	0
					0	0	1
					56.2417	12.6068	1.90179
				}
			}
			{bone "fxstop1"
				{Matrix34
					-1	0	0
					0	-1	0
					0	0	1
					-46.8343	19.0615	-0.316355
				}
			}
			{bone "fxsmoke1"
				{Matrix34
					-0.352933	0.922195	-0.158095
					-0.916887	-0.37455	-0.137947
					-0.186428	0.0962694	0.977741
					-12.3563	9.70262	-6.02716
				}
			}
			{bone "fxfire1"
				{Matrix34
					0.99999	0.00453793	0
					0	0	1
					0.00453793	-0.99999	0
					32.0084	-0.0852466	4.12357
				}
			}
			{bone "fxlight"
				{Matrix34
					1	0	0
					0	1	0
					0	0	1
					63.6876	-0.229222	-19.8214
				}
			}
			{bone "visor2"
				{Position 16.3683	6.73464	12.4791}
			}
			{bone "detail5"
				{parameters "ID=body;"}
				{Position 16.2408	0.388794	0.139256}
				{VolumeView "detail5.ply"}
			}
			{bone "detail6"
				{parameters "ID=body;"}
				{Matrix34
					0.999506	0.0312508	-0.0032768
					0.0313006	-0.999375	0.0164464
					-0.00276088	-0.0165407	-0.999859
					3.97356	17.4386	-0.840508
				}
				{VolumeView "detail6.ply"}
			}
			{bone "detail4"
				{parameters "ID=body;"}
				{Matrix34
					-0.994319	-0.021425	-0.104264
					-0.0214928	0.999769	-0.000473075
					-0.10425	-0.00177037	0.99455
					3.28402	-18.1778	-0.626865
				}
				{VolumeView "detail4.ply"}
			}
			{bone "engine_body"
				{parameters "ID=engine;"}
				{Matrix34
					0	-1	0
					-0.0347086	0	0.999397
					-0.999398	0	-0.0347081
					38.9198	0.0470387	-4.98876
				}
				{VolumeView "engine_body.ply"}
			}
			{bone "label"
				{parameters "ID=body;"}
				{Matrix34
					-0.000475168	1	0
					-1	-0.000475168	0
					0	0	1
					-10.3491	13.6409	16.3234
				}
				{VolumeView "label.ply"}
			}
			{bone "seats04"
				{parameters "ID=body;"}
				{Position 0	0	0}
				{VolumeView "seats04.ply"}
			}
			{bone "seats03"
				{parameters "ID=body;"}
				{Position 0	0	0}
				{VolumeView "seats03.ply"}
			}
			{bone revolute "mgun1_turret"
				{parameters "ID=body;"}
				{limits -30 30}
				{Position -50.2485	0.0885535	15.4376}
				{VolumeView "mgun1_turret.ply"}
				{bone revolute "mgun1_rot"
					{parameters "ID=body;"}
					{limits -10 15}
					{Matrix34
						1	0	0
						0	-0.00327019	0.999995
						0	-0.999995	-0.00327019
						9.59993	7.44686e-005	3.72867
					}
					{VolumeView "mgun1_rot.ply"}
					{bone "mgun1"
						{Matrix34
							-0.999992	0	0.00412233
							1.16121e-005	0.999995	0.00327488
							-0.00412232	0.0032749	-0.999986
							-1.94223	0.284782	0.00932135
						}
					}
					{bone "foresight3"
						{Matrix34
							1	0	0
							0	0.999995	-0.00327491
							0	0.00327491	0.999995
							-28.3145	2.10789	0.274943
						}
					}
				}
				{bone "gunner1"
					{Matrix34
						-0.999998	0.00213012	0
						-0.00213012	-0.999998	0
						0	0	1
						12.2389	-0.295447	-19.9813
					}
				}
			}
			{bone "seat06"
				{Matrix34
					-0.00146095	0.866965	0.498366
					-0.999999	-0.00168513	0
					0.000839812	-0.498366	0.866967
					-30.958	-0.664221	-8.41846
				}
			}
			{bone "seat08"
				{Matrix34
					-0.00146095	0.866965	0.498366
					-0.999999	-0.00168513	0
					0.000839812	-0.498366	0.866967
					-42.4713	-0.66425	-8.41847
				}
			}
			{bone "engine"
				{parameters "ID=engine;"}
				{animation
					{sequence "repair" {file "engine_r.anm"}}
				}
				{Position 0	0	0}
				{VolumeView "engine.ply"}
				{bone "engine_cover1"
					{parameters "ID=engine;"}
					{Matrix34
						0.136792	-0.0269947	0.990232
						0.214454	0.97673	-0.0029984
						-0.967108	0.212769	0.139398
						32.5412	9.649	8.17636
					}
					{VolumeView "engine_cover1.ply"}
				}
				{bone "engine_cover2"
					{parameters "ID=body;"}
					{Matrix34
						0.136792	0.0269965	0.990232
						0.214461	-0.976728	-0.00299754
						-0.967106	-0.212776	0.139398
						32.5412	-9.75493	8.17637
					}
					{VolumeView "engine_cover2.ply"}
				}
			}
			{bone revolute "turret"
				{parameters "ID=turret;"}
				{limits -7 7}
				{Position -4.38119	-4.7835	3.23181}
				{VolumeView "turret.ply"}
				{bone revolute "gun_rot"
					{parameters "ID=gun;"}
					{limits 0 10}
					{Matrix34
						1	0	0
						0	0.00376744	0.999993
						0	-0.999993	0.00376744
						3.65496	0.0646906	9.95828
					}
					{VolumeView "gun_rot.ply"}
					{bone "gun"
						{parameters "ID=gun;"}
						{Matrix34
							0.00859746	0	-0.999963
							-0.00970166	0.999953	-8.3413e-005
							0.999916	0.00970201	0.00859706
							1.74058	-0.244312	0.0192647
						}
						{VolumeView "gun.ply"}
						{bone "foresight1"
							{Matrix34
								0.00860348	-0.00969988	0.999916
								-0.00376186	0.999946	0.00973254
								-0.999956	-0.00384525	0.00856652
								-2.87235	0.0339813	23.7295
							}
						}
					}
				}
				{bone "gunner"
					{Matrix34
						1	0	0
						0	1	0
						0	0	1
						-10.1141	9.01785	-13.54661
					}
				}
				{bone "visor"
					{Matrix34
						1	0	0
						0	0	1
						0	-1	0
						20.0359	-2.94736	12.375
					}
				}
			}
			{bone revolute "wheell2"
				{parameters "Radius=0.35;ID=trackleft;"}
				{Matrix34
					-1	0	0
					0	0.000782653	1
					0	-1	0.000782653
					21.6016	16.9737	-9.68913
				}
				{VolumeView "wheell2.ply"}
			}
			{bone revolute "wheell3"
				{parameters "Radius=0.5;ID=trackleft;"}
				{Matrix34
					-1	0	0
					0	0.000782653	1
					0	-1	0.000782653
					-37.5549	17.1059	-10.6891
				}
				{VolumeView "wheell3.ply"}
			}
			{bone revolute "wheelr2"
				{parameters "Radius=0.35;ID=trackright;"}
				{Matrix34
					-1	0	0
					0	0.000782653	1
					0	-1	0.000782653
					21.615	-17.0024	-9.65729
				}
				{VolumeView "wheelr2.ply"}
			}
			{bone revolute "wheelr3"
				{parameters "Radius=0.5;ID=trackright;"}
				{Matrix34
					-1	0	0
					0	0.000782653	1
					0	-1	0.000782653
					-37.5625	-17.6792	-10.7708
				}
				{VolumeView "wheelr3.ply"}
			}
			{bone "attach01"
				{Matrix34
					0	-0.594837	0.803846
					0	-0.803846	-0.594837
					1	0	0
					-17.3056	-13.209	-1.01552
				}
			}
			{bone "attach02"
				{Matrix34
					0	-0.594837	0.803846
					0	-0.803846	-0.594837
					1	0	0
					-19.0371	-13.209	-1.01552
				}
			}
			{bone "attach03"
				{Matrix34
					0	-0.594837	0.803846
					0	-0.803846	-0.594837
					1	0	0
					-20.8122	-13.209	-1.01552
				}
			}
			{bone "attach04"
				{Matrix34
					0	-0.594837	0.803846
					0	-0.803846	-0.594837
					1	0	0
					-22.5398	-13.209	-1.01552
				}
			}
			{bone "attach05"
				{Matrix34
					0	-0.594837	0.803846
					0	-0.803846	-0.594837
					1	0	0
					-24.2712	-13.209	-1.01552
				}
			}
			{bone "box"
				{parameters "ID=body;"}
				{Position 0	0	0}
				{VolumeView "box.ply"}
			}
			{bone "box1"
				{parameters "ID=body;"}
				{Position 0	0	0}
				{VolumeView "box1.ply"}
			}
		}
		{bone "pivot_front"
			{parameters "ID=body;"}
			{Position 0.410746	-0.131818	20.0197}
			{VolumeView "pivot_front.ply"}
			{bone revolute "steerl"
				{Matrix34
					0.999993	0.00386556	0
					0.00386556	-0.999993	0
					0	0	1
					46.0678	15.11	-10.8545
				}
				{VolumeView "steerl.ply"}
				{bone "fxtracel1"
					{Matrix34
						-0.999993	-0.00386753	0
						0.0038675	-0.999983	0.00437288
						-1.54818e-005	0.00437286	0.99999
						0.739361	-2.07203	-8.7802
					}
				}
				{bone revolute "wheell1"
					{parameters "ID=wheelleft;Radius=0.5;"}
					{Matrix34
						-0.999932	-0.0116482	0
						2.28041e-005	-0.0019576	0.999998
						0.0116482	-0.99993	-0.00195773
						0.503605	-2.5912	-0.300961
					}
					{VolumeView "wheell1.ply"}
				}
			}
			{bone revolute "steerr"
				{Matrix34
					1	0	0
					0	-1	0
					0	0	1
					46.0933	-15.173	-11.3571
				}
				{VolumeView "steerr.ply"}
				{bone revolute "wheelr1"
					{parameters "ID=wheelright;Radius=0.5;"}
					{Matrix34
						-0.99997	-0.0077819	0
						1.52362e-005	-0.00195784	0.999998
						0.00778189	-0.999968	-0.0019579
						0.468082	2.5312	0.201689
					}
					{VolumeView "wheelr1.ply"}
				}
				{bone "fxtracer1"
					{Matrix34
						-1	0	0
						0	-0.99999	0.00437288
						0	0.00437288	0.99999
						0.565323	2.31649	-8.3638
					}
				}
			}
		}
		{bone "wheelsR"
			{Matrix34
				1	0	0
				0	1	0
				0	0	1
				-24.3895	-13.7225	7.63787
			}
			{bone revolute "wheelr7"
				{parameters "Radius=0.4;ID=trackright;"}
				{Matrix34
					-1	0	0
					0	0.000782653	1
					0	-1	0.000782653
					10.5691	-3.67436	0.333828
				}
				{VolumeView "wheelr7.ply"}
			}
			{bone revolute "wheelr9"
				{parameters "Radius=0.4;ID=trackright;"}
				{Matrix34
					-1	0	0
					0	0.000782653	1
					0	-1	0.000782653
					-4.02154	-3.67428	0.358186
				}
				{VolumeView "wheelr9.ply"}
			}
			{bone revolute "wheelr8"
				{parameters "Radius=0.4;ID=trackright;"}
				{Matrix34
					-1	0	0
					0	0.000782653	1
					0	-1	0.000782653
					3.45043	-3.66377	0.318083
				}
				{VolumeView "wheelr8.ply"}
			}
			{bone revolute "wheelr5"
				{parameters "Radius=0.4;ID=trackright;"}
				{Matrix34
					-1	0	0
					0	0.000782653	1
					0	-1	0.000782653
					25.5175	-3.72016	0.326203
				}
				{VolumeView "wheelr5.ply"}
			}
			{bone revolute "wheelr6"
				{parameters "Radius=0.4;ID=trackright;"}
				{Matrix34
					-1	0	0
					0	0.000782653	1
					0	-1	0.000782653
					18.0411	-3.66385	0.293725
				}
				{VolumeView "wheelr6.ply"}
			}
			{bone revolute "wheelr4"
				{parameters "Radius=0.3;ID=trackright;"}
				{Matrix34
					-1	0	0
					0	0.000782653	1
					0	-1	0.000782653
					33.2087	-4.0549	0.167333
				}
				{VolumeView "wheelr4.ply"}
			}
			{bone "fxtracer2"
				{Matrix34
					-0.999996	-0.00279053	0
					0.0027904	-0.999952	0.0093448
					-2.75074e-005	0.00934476	0.999956
					-4.3319	-3.91261	-7.4089
				}
			}
			{bone "trackR"
				{parameters "ID=trackright;"}
				{Matrix34
					0.999987	0	-0.00512937
					0	1	0
					0.00512937	0	0.999987
					12.8905	12.4717	0.237038
				}
				{VolumeView "trackr.ply"}
			}
		}
		{bone "wheelsL"
			{Matrix34
				1	0	0
				0	1	0
				0	0	1
				-24.3895	13.1394	7.63787
			}
			{bone "fxtracel2"
				{Matrix34
					-0.999996	-0.00279053	0
					0.0027904	-0.999952	0.0093448
					-2.75074e-005	0.00934476	0.999956
					-4.24465	3.96847	-7.34632
				}
			}
			{bone revolute "wheell9"
				{parameters "Radius=0.4;ID=trackleft;"}
				{Matrix34
					-1	0	0
					0	0.000782653	1
					0	-1	0.000782653
					3.44966	4.02067	0.215281
				}
				{VolumeView "wheell9.ply"}
			}
			{bone revolute "wheell8"
				{parameters "Radius=0.4;ID=trackleft;"}
				{Matrix34
					-1	0	0
					0	0.000782653	1
					0	-1	0.000782653
					-4.02118	3.69201	0.295773
				}
				{VolumeView "wheell8.ply"}
			}
			{bone revolute "wheell7"
				{parameters "Radius=0.4;ID=trackleft;"}
				{Matrix34
					-1	0	0
					0	0.000782653	1
					0	-1	0.000782653
					10.5695	3.69193	0.271414
				}
				{VolumeView "wheell7.ply"}
			}
			{bone revolute "wheell5"
				{parameters "Radius=0.4;ID=trackleft;"}
				{Matrix34
					-1	0	0
					0	0.000782653	1
					0	-1	0.000782653
					25.6845	3.64042	0.183863
				}
				{VolumeView "wheell5.ply"}
			}
			{bone revolute "wheell6"
				{parameters "Radius=0.4;ID=trackleft;"}
				{Matrix34
					-1	0	0
					0	0.000782653	1
					0	-1	0.000782653
					18.0403	4.0206	0.190923
				}
				{VolumeView "wheell6.ply"}
			}
			{bone revolute "wheell4"
				{parameters "Radius=0.3;ID=trackleft;"}
				{Matrix34
					-0.999103	0.0423451	-3.32275e-005
					0	0.000782556	1
					0.0423455	0.999103	-0.00078185
					33.1175	3.82926	0.211222
				}
				{VolumeView "wheell4.ply"}
			}
			{bone "trackL"
				{parameters "ID=trackleft;"}
				{Matrix34
					0.999987	0	-0.00512916
					0	-1	0
					0.00512916	0	0.999987
					12.8904	-12.5714	0.237038
				}
				{VolumeView "trackl.ply"}
			}
		}
	}
}
{Volume "body10"
	{Polyhedron "body10.vol"}
	{Bone "body"}
	{Matrix34
		1	0	0
		0	0	1
		0	1	0
		-55.4021	-22.901	11.5694
	}
}
{Volume "body11"
	{Polyhedron "body11.vol"}
	{Bone "body"}
	{Matrix34
		1	0	0
		0	0	-1
		0	1	0
		-55.4021	-22.869	1.85937
	}
}
{Volume "body12"
	{Polyhedron "body12.vol"}
	{Bone "body"}
	{Matrix34
		1	0	0
		0	0	1
		0	-1	0
		-55.4021	22.968	11.5694
	}
}
{Volume "body13"
	{Polyhedron "body13.vol"}
	{Bone "body"}
	{Matrix34
		1	0	0
		0	0	-1
		0	-1	0
		-55.4021	22.9359	1.8594
	}
}
{Volume "body2"
	{Polyhedron "body2.vol"}
	{Bone "body"}
	{Matrix34
		1	0	0
		0	0	1
		0	-1	0
		36.5895	12.4146	0.798351
	}
}
{Volume "body3"
	{Polyhedron "body3.vol"}
	{Bone "body"}
	{Matrix34
		1	0	0
		0	0	1
		0	-1	0
		-17.1846	12.5941	0.801003
	}
}
{Volume "body4"
	{Polyhedron "body4.vol"}
	{Bone "body"}
	{Matrix34
		1	0	0
		0	0	1
		0	-1	0
		-17.1846	12.5941	0.801003
	}
}
{Volume "body5"
	{Polyhedron "body5.vol"}
	{Bone "body"}
	{Matrix34
		0	-1	0
		0	0	1
		-1	0	0
		17.3122	-0.136157	5.00097
	}
}
{Volume "body6"
	{Polyhedron "body6.vol"}
	{Bone "body"}
	{Matrix34
		1	0	0
		0	0	1
		0	1	0
		-17.1846	-12.5272	0.800991
	}
}
{Volume "body7"
	{Polyhedron "body7.vol"}
	{Bone "body"}
	{Matrix34
		1	0	0
		0	0	1
		0	1	0
		-17.1846	-12.5272	0.800991
	}
}
{Volume "body8"
	{Polyhedron "body8.vol"}
	{Bone "body"}
	{Matrix34
		0	-1	0
		0	0	1
		-1	0	0
		-50.5634	-0.0636195	11.1276
	}
}
{Volume "body9"
	{Polyhedron "body9.vol"}
	{Bone "body"}
	{Matrix34
		0	-1	0
		0	0	1
		-1	0	0
		-51.5091	-0.0636146	0.689062
	}
}
{Volume "body"
	{Polyhedron "body.vol"}
	{Bone "body"}
	{Matrix34
		1	0	0
		0	0	1
		0	-1	0
		3.39791	12.5027	-9.56323
	}
}
{Volume "body_l"
	{Polyhedron "body_l.vol"}
	{Bone "body"}
	{Matrix34
		1	0	0
		0	0	1
		0	-1	0
		-22.7791	21.467	1.67126
	}
}
{Volume "body_r"
	{Polyhedron "body_r.vol"}
	{Bone "body"}
	{Matrix34
		1	0	0
		0	0	1
		0	-1	0
		-22.718	-15.4168	1.68231
	}
}
{Volume "engine"
	{Polyhedron "engine_2.vol"}
	{Bone "engine"}
	{Matrix34
		1	0	0
		0	0	1
		0	-1	0
		40.4005	13.5726	1.09352
	}
}
{Volume "gun1"
	{Cylinder 1.28277 4}
	{Bone "gun"}
	{Matrix34
		0.999956	0.00385067	-0.00856049
		-0.0037673	0.999946	0.00973438
		0.00859751	-0.0097017	0.999916
		0.0782101	-0.119318	19.9756
	}
}
{Volume "gun"
	{Cylinder 1.9 18}
	{Bone "gun"}
	{Matrix34
		0.999956	0.00385067	-0.00856049
		-0.0037673	0.999946	0.00973438
		0.00859751	-0.0097017	0.999916
		0.0913847	0.00772025	9.00856
	}
}
{Volume "mantlet"
	{Box 8.5 7.2 0.45}
	{Bone "gun_rot"}
	{Matrix34
		0	0.00376744	-0.999993
		-0.542344	0.840151	0.0031653
		0.840157	0.54234	0.00204315
		11.8353	0.565409	0.0157481
	}
}
{Volume "mgun_turret"
	{Polyhedron "mgun_turret.vol"}
	{Bone "mgun1_turret"}
	{Matrix34
		1	0	0
		0	0	1
		0	-1	0
		4.5664	0.369169	2.08305
	}
}
{Volume "ram"
	{Polyhedron "ram.vol"}
	{Bone "body"}
	{Matrix34
		1	0	0
		0	1	0
		0	0	1
		-0.32997	0.055831	-13.9784
	}
}
{Volume "shield"
	{Box 27.7207 4.7 0.6}
	{Bone "body"}
	{Matrix34
		0	1	0
		-0.418642	0	0.908151
		0.908151	0	0.418642
		4.19263	0.142092	17.2243
	}
}
{Volume "trackleft"
	{Box 72 15.25 6.4}
	{Bone "wheelsL"}
	{Matrix34
		1	0	0
		0	0	1
		0	-1	0
		16.3451	3.76536	0.229666
	}
}
{Volume "trackright"
	{Box 72 15.25 6.4}
	{Bone "wheelsR"}
	{Matrix34
		1	0	0
		0	0	1
		0	-1	0
		16.2442	-3.41029	0.257301
	}
}
{Volume "wheelleft1"
	{Cylinder 9.25 3.8}
	{Bone "steerl"}
	{Matrix34
		0.999993	0.00385966	0
		0	0	1
		-0.00385966	0.999993	0
		0.622625	-2.23497	-0.477493
	}
}
{Volume "wheelright1"
	{Cylinder 9.25 3.8}
	{Bone "steerr"}
	{Matrix34
		1	0	0
		0	0	1
		0	1	0
		0.553616	2.171	0.0507721
	}
}
