;Exported by: Normand
;Date:        Sat Nov 24 18:41:43 2012
;File:        C:\Users\Normand\sdkfz250_11_x.max
{Skeleton
	{bone "basis"
		{Orientation
			1	0	0
			0	-1	0
			0	0	1
		}
		{bone "wheelsl"
			{parameters "ID=trackleft;"}
			{Matrix34
				1	0	0
				0	0.000937442	1
				0	-1	0.000653276
				-26.0517	14.8769	6.92032
			}
			{bone revolute "wheell4"
				{parameters "Radius=0.4;ID=trackleft;"}
				{Matrix34
					-0.998714	0	-0.0507027
					0	1	0
					0.0353566	0	-0.999375
					24.5461	0.17442	-3.25043
				}
				{VolumeView "wheell4.ply"}
			}
			{bone revolute "wheell6"
				{parameters "Radius=0.4;ID=trackleft;"}
				{Matrix34
					-1	0	0
					0	1	0
					0	0	1
					8.05825	0.152385	-3.50104
				}
				{VolumeView "wheell6.ply"}
			}
			{bone revolute "wheell5"
				{parameters "Radius=0.4;ID=trackleft;"}
				{Matrix34
					-1	0	0
					0	1	0
					0	0	1
					16.4177	0.144339	-3.00305
				}
				{VolumeView "wheell5.ply"}
			}
			{bone revolute "wheell7"
				{parameters "Radius=0.4;ID=trackleft;"}
				{Matrix34
					-1	0	0
					0	1	0
					0	0	1
					-0.11162	0.240126	-3.07038
				}
				{VolumeView "wheell7.ply"}
			}
			{bone "trackl"
				{parameters "CommonMesh;ID=trackleft;"}
				{Position 7.06385	0.978125	-1.164}
				{VolumeView "trackl.ply"}
			}
			{bone "fxtracel2"
				{Matrix34
					1	0	0
					0	1	0
					0	0	1
					22.8258	-6.69699	-3.17404
				}
			}
		}
		{bone "pivot_front"
			{Position 40.1887	0.211937	9.13237}
			{VolumeView "pivot_front.ply"}
			{bone revolute "steerl"
				{Matrix34
					0.999993	0.00386515	0
					0.00386515	-0.999993	0
					0	0	1
					-0.17178	15.2619	-0.168826
				}
				{VolumeView "steerl.ply"}
				{bone "fxtracel1"
					{Matrix34
						-0.999993	-0.00386753	0
						0	0	1
						-0.00386753	0.999993	0
						0.466686	-2.22822	-8.79073
					}
				}
				{bone revolute "wheell1"
					{parameters "ID=wheelleft;Radius=0.5;"}
					{Matrix34
						-0.999932	-0.0116482	0
						2.28041e-005	-0.0019576	0.999998
						0.0116482	-0.99993	-0.00195773
						0.213303	-2.78621	0.322494
					}
					{VolumeView "wheell1.ply"}
				}
			}
			{bone revolute "steerr"
				{Matrix34
					1	0	0
					0	-1	0
					0	0	1
					-0.144363	-15.1916	-0.709062
				}
				{VolumeView "steerr.ply"}
				{bone revolute "part1"
					{parameters "ID=wheelright;Radius=0.5;"}
					{Matrix34
						-0.99997	-0.0077819	0
						1.52362e-005	-0.00195784	0.999998
						0.00778189	-0.999968	-0.0019579
						0.175125	2.72046	0.862726
					}
					{VolumeView "part1.ply"}
				}
				{bone "fxtracer1"
					{Matrix34
						-1	0	0
						0	0	1
						0	1	0
						0.279633	2.48969	-8.3432
					}
				}
			}
		}
		{bone "wheelsr"
			{parameters "ID=trackrght;"}
			{Matrix34
				1	0	0
				0	0.000937442	1
				0	-1	0.000653276
				-26.0872	-12.7831	6.84102
			}
			{bone revolute "wheelr4"
				{parameters "Radius=0.4;ID=trackright;"}
				{Matrix34
					-1	0	0
					0	1	0
					0	0	1
					24.6814	0.200094	5.37223
				}
				{VolumeView "wheelr4.ply"}
			}
			{bone revolute "wheelr6"
				{parameters "Radius=0.4;ID=trackright;"}
				{Matrix34
					-1	0	0
					0	1	0
					0	0	1
					8.09468	0.338646	4.86015
				}
				{VolumeView "wheelr6.ply"}
			}
			{bone revolute "wheelr5"
				{parameters "Radius=0.4;ID=trackright;"}
				{Matrix34
					-1	0	0
					0	1	0
					0	0	1
					16.2706	0.374115	4.93392
				}
				{VolumeView "wheelr5.ply"}
			}
			{bone revolute "wheelr7"
				{parameters "Radius=0.4;ID=trackright;"}
				{Matrix34
					-1	0	0
					0	1	0
					0	0	1
					-0.0764256	0.382493	4.87398
				}
				{VolumeView "wheelr7.ply"}
			}
			{bone "trackr"
				{parameters "CommonMesh;ID=trackright;"}
				{Position 4.62335	0.87511	4.89325}
				{VolumeView "trackr.ply"}
			}
			{bone "fxtracer2"
				{Matrix34
					1	0	0
					0	1	0
					0	0	1
					22.7659	-6.6911	4.44098
				}
			}
		}
		{bone "link2"
			{Matrix34
				-1	0	0
				0	0	1
				0	-1	0
				-51.8793	-0.329951	12.8067
			}
		}
		{bone "emit1"
			{Matrix34
				0.999966	-0.00820473	0
				0.00820473	0.999966	0
				0	0	1
				-67.7816	5.81745	0.0459339
			}
		}
		{bone "body"
			{parameters "ID=body;"}
			{Matrix34
				0.999635	-3.90864e-005	-0.0270325
				0	0.999999	-0.00145239
				0.0270325	0.00145187	0.999634
				-8.28616	0.167168	22.0543
			}
			{VolumeView "body.ply"}
			{bone "part3"
				{parameters "ID=body;"}
				{Matrix34
					0.918305	0	-0.395874
					0	1	0
					0.395874	0	0.918305
					-35.9234	11.4175	1.70321
				}
				{VolumeView "part3.ply"}
			}
			{bone "detail2"
				{parameters "ID=body;"}
				{Position -1.63854	-17.6936	10.9839}
				{VolumeView "detail2.ply"}
			}
			{bone "seat01"
				{Matrix34
					1	0	0
					0	1	1.56221e-005
					0	-1.56226e-005	1
					-11.7477	-7.70868	-11.2713
				}
			}
			{bone "commander"
				{Matrix34
					0.935915	0	0.352227
					0	1	0
					-0.352227	0	0.935915
					7.80925	-7.63713	-13.7991
				}
			}
			{bone "driver"
				{Matrix34
					0.931969	0	0.362539
					0.0029827	0.999966	-0.00766755
					-0.362526	0.00822726	0.931937
					7.84311	7.33811	-13.6922
				}
			}
			{bone "headlightr"
				{Matrix34
					0.99999	0.00453793	0
					0	0	1
					0.00453793	-0.99999	0
					57.4082	-12.0624	-0.63541
				}
			}
			{bone "headlightl"
				{Matrix34
					0.99999	0.00453793	0
					0	0	1
					0.00453793	-0.99999	0
					57.3039	12.2054	-0.629986
				}
			}
			{bone "fxstop1"
				{Matrix34
					0.99999	0.00453793	0
					0	0	1
					0.00453793	-0.99999	0
					-37.2358	17.3087	-2.39415
				}
			}
			{bone "fxstop2"
				{Matrix34
					0.99999	0.00453793	0
					0	0	1
					0.00453793	-0.99999	0
					-37.0861	-19.1429	-2.42437
				}
			}
			{bone "fxsmoke1"
				{Matrix34
					0.99999	0.00453793	0
					0	0	1
					0.00453793	-0.99999	0
					-0.651943	13.4778	-6.73272
				}
			}
			{bone "fxfire1"
				{Matrix34
					0.99999	0.00453793	0
					0	0	1
					0.00453793	-0.99999	0
					37.6533	-0.468592	1.52102
				}
			}
			{bone "visor2"
				{Position 30.8409	7.65491	8.53168}
			}
			{bone "visor"
				{Matrix34
					1	0	0
					0	0	1
					0	-1	0
					16.5551	0.0442939	14.5455
				}
			}
			{bone revolute "turret"
				{parameters "ID=turret;"}
				{limits -30 30}
				{Matrix34
					0.987048	0.00302371	-0.160397
					0.028536	0.980569	0.194089
					0.157867	-0.196153	0.967782
					10.8281	-0.214232	12.0765
				}
				{VolumeView "turret.ply"}
				{bone revolute "gun_rot"
					{parameters "ID=gun;"}
					{limits -5 30}
					{Matrix34
						0.999991	0	0.00433998
						-0.00433999	0	0.999991
						0	-1	0
						0.374779	-0.0264621	4.49362
					}
					{VolumeView "gun_rot.ply"}
					{bone "gun"
						{parameters "ID=gun;"}
						{Matrix34
							0.00722791	0	-0.999974
							-0.0359697	0.999353	-0.000259936
							0.999327	0.0359706	0.00722324
							-1.61155	-0.2272	0.087326
						}
						{VolumeView "gun.ply"}
						{bone "fx_invers"
							{Matrix34
								0.00163904	0.999299	0.0373927
								0.999996	-0.00172147	0.00215614
								0.00221906	0.037389	-0.999298
								0.029335	0.0338631	-7.74171
							}
						}
						{bone "foresight1"
							{Matrix34
								-0.000201069	-0.0384576	0.99926
								0.999999	0.00138529	0.000254085
								-0.00139412	0.999259	0.0384572
								0.5521	0.267727	29.7373
							}
						}
						{bone "foresight02"
							{Matrix34
								0.0052146	0.999266	0.0379437
								0.999954	-0.00490655	-0.00822254
								0.00803034	-0.0379848	0.999246
								0.5521	0.267727	29.7373
							}
						}
					}
				}
				{bone "gunner"
					{Matrix34
						0.99967	0.00201018	0.0256089
						-0.00206879	0.999995	0.00226288
						-0.0256037	-0.00231515	0.999669
						-19.3839	1.14778	-23.8494
					}
				}
			}
			{bone revolute "turret_mgun"
				{parameters "ID=body;"}
				{Matrix34
					-0.999994	0.0035142	0
					-0.0035142	-0.999994	0
					0	0	1
					-30.0631	-0.307838	12.8977
				}
				{VolumeView "turret_mgun.ply"}
				{bone revolute "mgun_rot"
					{parameters "ID=body;"}
					{Matrix34
						1	0	0
						0	0.00910957	0.999959
						0	-0.999959	0.00910957
						9.03866	-0.00378561	3.95514
					}
					{VolumeView "mgun_rot.ply"}
					{bone "mgun"
						{Matrix34
							0.999975	6.15105e-005	-0.00702042
							0	0.999959	0.00910387
							0.00702068	-0.00910367	0.999934
							-9.08582	0.653137	-0.313378
						}
					}
				}
			}
			{bone "engine"
				{parameters "ID=engine;"}
				{Position 0	0	0}
				{VolumeView "engine.ply"}
				{bone "part6"
					{parameters "ID=part6;"}
					{Matrix34
						0.0501596	-0.857584	0.511892
						0.0836333	0.514344	0.853497
						-0.995233	0	0.0975219
						38.6898	-7.13105	3.92302
					}
					{VolumeView "engine_cover.ply"}
				}
				{bone "part5"
					{parameters "ID=part5"}
					{Matrix34
						0.0806474	0.505827	0.858857
						-0.0472894	0.862635	-0.503612
						-0.99562	0	0.0934895
						38.482	7.26762	3.95732
					}
					{VolumeView "engine_cover1.ply"}
				}
				{bone "engine_door1"
					{parameters "ID=body;"}
					{Matrix34
						-0.146743	0.387057	-0.910304
						0.133389	-0.904118	-0.40593
						-0.98014	-0.180991	0.0810437
						36.2152	-11.951	3.45809
					}
					{VolumeView "engine_door1.ply"}
				}
			}
			{bone "part4"
				{parameters "ID=part4;"}
				{Matrix34
					0	-1	0
					0	0	1
					-1	0	0
					37.7601	-0.125538	-7.16234
				}
				{VolumeView "engine_body.ply"}
				{bone revolute "vent"
					{parameters "ID=engine;"}
					{Position 0.0443396	6.69172	-1.90432}
					{VolumeView "vent.ply"}
				}
			}
			{bone revolute "wheell2"
				{parameters "Radius=0.5;ID=trackleft;"}
				{Matrix34
					-1	0	0
					0	0.000937529	1
					0	-1	0.000653363
					21.0149	18.1127	-13.4508
				}
				{VolumeView "wheell2.ply"}
			}
			{bone revolute "wheell3"
				{parameters "Radius=0.5;ID=trackleft;"}
				{Matrix34
					-1	0	0
					0	0.000937529	1
					0	-1	0.000653363
					-27.5013	17.8577	-13.1328
				}
				{VolumeView "wheell3.ply"}
			}
			{bone revolute "wheelr2"
				{parameters "Radius=0.5;ID=trackright;"}
				{Matrix34
					-1	0	0
					0	0.000937529	1
					0	-1	0.000653363
					21.0296	-18.0463	-13.4158
				}
				{VolumeView "wheelr2.ply"}
			}
			{bone revolute "part2"
				{parameters "Radius=0.5;ID=trackright;"}
				{Matrix34
					-1	0	0
					0	0.000937529	1
					0	-1	0.000653363
					-27.5096	-18.4702	-13.2224
				}
				{VolumeView "part2.ply"}
			}
			{bone "detail5"
				{parameters "ID=body;"}
				{Position 17.7348	0.13476	-2.71117}
				{VolumeView "detail5.ply"}
			}
			{bone "detail1"
				{parameters "ID=body;"}
				{Matrix34
					-0.996492	0.0828717	-0.0116594
					-0.0324679	-0.51124	-0.858824
					0.077133	0.855433	-0.512137
					7.68212	18.4775	1.92068
				}
				{VolumeView "detail1.ply"}
			}
			{bone "detail3"
				{parameters "ID=body;"}
				{Position 41.5255	16.2085	-1.54698}
				{VolumeView "detail3.ply"}
			}
			{bone "detail4"
				{parameters "ID=body;"}
				{Matrix34
					0.999503	0.0220811	0.0224757
					0.030492	-0.498224	-0.866512
					-0.00793559	0.866767	-0.49865
					10.8396	17.1516	-0.969057
				}
				{VolumeView "detail4.ply"}
			}
		}
	}
}
{Volume "body1"
	{Box 25 6.7 0.5}
	{Bone "body"}
	{Matrix34
		0	-1	0
		-0.419777	0	0.907627
		-0.907627	0	-0.419777
		15.2325	-0.134176	8.61612
	}
}
{Volume "body2"
	{Box 25 13.2 0.5}
	{Bone "body"}
	{Matrix34
		0	-1	0
		0	0	1
		-1	0	0
		16.6179	-0.0635193	-0.930729
	}
}
{Volume "body3"
	{Polyhedron "body3.vol"}
	{Bone "body"}
	{Position 8.55963	0.0441384	-22.8838}
}
{Volume "body4"
	{Polyhedron "body4.vol"}
	{Bone "body"}
	{Position 8.55963	0.0441384	-22.8838}
}
{Volume "body5"
	{Box 25 21.4 0.5}
	{Bone "body"}
	{Matrix34
		0	-1	0
		0.404369	0	0.914596
		-0.914596	0	0.404369
		-35.665	-0.0367732	1.98324
	}
}
{Volume "body"
	{Polyhedron "body.vol"}
	{Bone "body"}
	{Matrix34
		1	0	0
		0	0	1
		0	-1	0
		-3.82102	12.256	-12.3466
	}
}
{Volume "engine"
	{Polyhedron "engine.vol"}
	{Bone "engine"}
	{Matrix34
		1	0	0
		0	0	1
		0	-1	0
		38.1446	12.9916	-5.66404
	}
}
{Volume "gun_rot"
	{Box 19.6845 1.92405 2.81207}
	{Bone "gun_rot"}
	{Matrix34
		0.999772	0.0212694	-0.002004
		-0.0212636	0.999771	0.00229363
		0.00205238	-0.00225054	0.999995
		-0.964435	-2.54185	0.0225081
	}
}
{Volume "gun"
	{Box 37 2 2}
	{Bone "gun"}
	{Matrix34
		0.00921146	-0.00714833	0.999933
		-0.00251908	0.999971	0.00717309
		-0.999954	-0.00258492	0.00919326
		0.155207	0.00489952	10.9594
	}
}
{Volume "part1"
	{Cylinder 9.9 4}
	{Bone "part1"}
	{Matrix34
		-0.99997	1.25484e-005	0.00777428
		0	0.999998	-0.0019522
		-0.00777428	-0.00195216	-0.999968
		-0.104996	-0.162661	0.367793
	}
}
{Volume "trackleft"
	{Box 65 16.95 7}
	{Bone "wheelsl"}
	{Matrix34
		1	0	0
		0	1	0.000928392
		0	-0.000650541	1
		14.2261	1.47947	-3.28754
	}
}
{Volume "trackright"
	{Box 65 16.9 7}
	{Bone "wheelsr"}
	{Matrix34
		1	0	0
		0	1	0.000928392
		0	-0.000650541	1
		14.1831	1.68683	4.75756
	}
}
{Volume "turret"
	{Box 1.58062 9.05261 15.8062}
	{Bone "turret"}
	{Matrix34
		0.879859	0.000746783	0.475234
		-0.47523	-0.00295176	0.879856
		0.00205985	-0.999996	-0.00224218
		2.21652	-0.0414004	3.60762
	}
}
{Volume "wheelleft1"
	{Cylinder 9.9 4}
	{Bone "wheell1"}
	{Matrix34
		-0.99997	1.25484e-005	0.0077757
		0	0.999998	-0.0019522
		-0.00777571	-0.00195216	-0.999968
		0.00325503	-0.0955686	-0.379103
	}
}
