;Exported by: IROKEZ
;Date:        Sat Jan 25 20:09:06 2014
;File:        F:\My Job\3D's max\scenes\Pz. IV ausf H\pzIVH.max_xx.max
{Skeleton
	{bone "basis"
		{Orientation
			1	0	0
			0	-1	0
			0	0	1
		}
		{bone "body"
			{parameters "ID=body;"}
			{Matrix34
				0.999873	0.000735264	-0.0159223
				-0.00119232	0.999587	-0.0287152
				0.0158946	0.0287305	0.999461
				-0.219627	0	21.713
			}
			{VolumeView "body.ply"}
			{bone "detail7"
				{Matrix34
					0	-1	0
					0.987342	0	-0.158607
					0.158607	0	0.987342
					-49.952	-15.0468	9.16721
				}
				{VolumeView "detail8.ply"}
			}
			{bone "detail8"
				{Matrix34
					0	-1	0
					0.987342	0	-0.158607
					0.158607	0	0.987342
					-49.952	14.7095	9.16721
				}
				{VolumeView "detail8.ply"}
			}
			{bone "cover1"
				{parameters "ID=body;"}
				{Matrix34
					1	0	0
					0	0	1
					0	-1	0
					-11.318	-9.63931	27.2963
				}
				{VolumeView "cover1.ply"}
			}
			{bone "cover2"
				{parameters "ID=body;"}
				{Matrix34
					1	0	0
					0	0	1
					0	-1	0
					4.66137	-9.77588	26.129
				}
				{VolumeView "cover2.ply"}
			}
			{bone "cover3"
				{parameters "ID=body;"}
				{Matrix34
					1	0	0
					0	0	1
					0	-1	0
					-11.2235	12.9281	27.2722
				}
				{VolumeView "cover3.ply"}
			}
			{bone "cover4"
				{parameters "ID=body;"}
				{Matrix34
					1	0	0
					0	0	1
					0	-1	0
					-1.56614	12.9403	26.5689
				}
				{VolumeView "cover4.ply"}
			}
			{bone "cover5"
				{parameters "ID=body;"}
				{Matrix34
					0.826536	0	-0.562883
					0	1	0
					0.562883	0	0.826536
					-16.9673	-0.295997	22.2801
				}
				{VolumeView "cover5.ply"}
			}
			{bone "cover6"
				{parameters "ID=body;"}
				{Matrix34
					0.821372	0	-0.570393
					0	1	0
					0.570393	0	0.821372
					-17.0455	-12.4256	22.2223
				}
				{VolumeView "cover6.ply"}
			}
			{bone "antenna"
				{parameters "ID=body;"}
				{Position -14.4294	20.2045	27.3244}
				{VolumeView "antenna.ply"}
				{bone "antenna_1"
					{parameters "ID=body;"}
					{Position 0	-0.0254097	17.0182}
					{bone "antenna_2"
						{parameters "ID=body;"}
						{Position 3.62396e-005	7.05719e-005	34.0591}
					}
				}
			}
			{bone "antenna2"
				{parameters "ID=body;"}
				{Position -14.3736	-20.6116	27.2565}
				{VolumeView "antenna2.ply"}
				{bone "antenna2_1"
					{parameters "ID=body;"}
					{Position 7.24792e-005	0	17.1315}
					{bone "antenna2_2"
						{parameters "ID=body;"}
						{Position 7.24792e-005	0	34.0818}
					}
				}
			}
			{bone revolute "turret"
				{limits -15 15}
				{Position 21.2628	-2.59617	14.8446}
				{bone revolute "gun_rot"
					{parameters "ID=gun_rot;"}
					{limits -5 35}
					{Matrix34
						1	0	0
						0	0	1
						0	-1	0
						0.0107193	0.0766389	-0.0253296
					}
					{VolumeView "gun_rot.ply"}
					{bone "gun"
						{parameters "ID=gun;"}
						{Matrix34
							1	0	0
							0	0	-1
							0	1	0
							16.2516	1.52395	-0.0146949
						}
						{VolumeView "gun.ply"}
						{bone "foresight1"
							{Position 6.63696	0.0433388	-0.0835114}
						}
					}
					{bone "visor1"
						{Matrix34
							1	0	0
							0	0	-1
							0	1	0
							13.7639	5.099	0.136036
						}
					}
				}
			}
			{bone "shields_mount1"
				{parameters "ID=body;"}
				{Matrix34
					-1	0	0
					0	0.0211785	0.999776
					0	0.999776	-0.0211785
					-0.617802	-0.00490743	8.20925
				}
				{VolumeView "shields_mount1.ply"}
				{bone "shieldl3"
					{parameters "ID=shieldL3;"}
					{Matrix34
						0.999992	-0.0035796	0.00178385
						0.00338219	0.99493	0.100512
						-0.0021346	-0.100505	0.994934
						-1.02174	-6.94568	30.3016
					}
					{VolumeView "shieldl3.ply"}
				}
				{bone "shieldl4"
					{parameters "ID=shieldL4;"}
					{Matrix34
						1	0	0
						0	0.998517	0.0544418
						0	-0.0544418	0.998517
						19.2534	-6.819	30.6642
					}
					{VolumeView "shieldl4.ply"}
				}
				{bone "shieldl1"
					{parameters "ID=shieldL1;"}
					{Matrix34
						0.9904	0.137906	-0.00945554
						-0.13705	0.988565	0.0629083
						0.0180229	-0.0610085	0.997975
						-37.8456	-8.99657	30.4728
					}
					{VolumeView "shieldl1.ply"}
				}
				{bone "shieldr3"
					{parameters "ID=shieldR3;"}
					{Matrix34
						0.997475	0.0705132	-0.00845434
						-0.0710023	0.992681	-0.0976898
						0.00150404	0.0980434	0.995181
						-0.250648	-9.27711	-29.9525
					}
					{VolumeView "shieldr3.ply"}
				}
				{bone "shieldr5"
					{parameters "ID=shieldR5;"}
					{Matrix34
						0.992931	-0.118667	0.00251388
						0.118667	0.992934	0.000149675
						-0.00251388	0.000149697	0.999997
						37.744	-9.76466	-30.8404
					}
					{VolumeView "shieldr5.ply"}
				}
			}
			{bone "engine"
				{parameters "ID=engine;"}
				{Position -33.4591	0	15.4421}
				{VolumeView "engine.ply"}
				{bone "part1"
					{parameters "ID=engine;"}
					{Matrix34
						0.998627	-0.00190283	0.052348
						-0.000830605	0.998639	0.0521453
						-0.052376	-0.0521172	0.997267
						-0.0562592	-17.9175	-3.95258
					}
					{VolumeView "part1.ply"}
				}
			}
			{bone revolute "wheelr11"
				{parameters "ID=trackright;"}
				{Matrix34
					-1	0	0
					0	0	1
					0	-1	0
					-29.1704	-23.6105	-4.04866
				}
				{VolumeView "wheelr11.ply"}
			}
			{bone revolute "wheelr14"
				{parameters "ID=trackright;"}
				{Matrix34
					-1	0	0
					0	0	1
					0	-1	0
					28.9715	-23.6105	-3.03458
				}
				{VolumeView "wheelr14.ply"}
			}
			{bone revolute "wheell1"
				{parameters "ID=trackleft;"}
				{Matrix34
					-1	0	0
					0	0	1
					0	-1	0
					47.7892	23.6415	-7.42113
				}
				{VolumeView "wheell1.ply"}
			}
			{bone revolute "wheell14"
				{parameters "ID=trackleft;"}
				{Matrix34
					1	0	0
					0	0	-1
					0	1	0
					28.9715	23.6415	-3.03458
				}
				{VolumeView "wheell14.ply"}
			}
			{bone revolute "wheell12"
				{parameters "ID=trackleft;"}
				{Matrix34
					1	0	0
					0	0	-1
					0	1	0
					-9.10548	23.6415	-3.0346
				}
				{VolumeView "wheell12.ply"}
			}
		}
		{bone "wheelsl"
			{parameters "ID=trackleft;"}
			{Matrix34
				-1	0	0
				0	0	1
				0	1	0
				1.42039	19.7825	5.53128
			}
			{VolumeView "wheelsl.ply"}
		}
		{bone "wheelsr"
			{parameters "ID=trackright;"}
			{Matrix34
				-1	0	0
				0	0	1
				0	1	0
				1.42039	-19.7825	5.53128
			}
			{VolumeView "wheelsr.ply"}
		}
	}
}
{Volume "body1"
	{Polyhedron "body1.vol"}
	{Bone "body"}
	{Matrix34
		1	0	0
		0	0	1
		0	-1	0
		-6.92276	0	-11.9721
	}
}
{Volume "body2"
	{Polyhedron "body2.vol"}
	{Bone "body"}
	{Position 8.00121	0.0184525	3.41368}
}
{Volume "engine"
	{Box 20.6883 13.411 26.0232}
	{Bone "engine"}
	{Matrix34
		1	0	0
		0	0	1
		0	-1	0
		-2.17156	0	-12.2688
	}
}
{Volume "gun"
	{Cylinder 3.25194 15}
	{Bone "gun"}
	{Matrix34
		0	-1	0
		0	0	1
		-1	0	0
		-1.85094	0.0374093	-0.0261882
	}
}
{Volume "mantlet"
	{Sphere 7.48687}
	{Bone "body"}
	{Matrix34
		1	0	0
		0	0	1
		0	-1	0
		21.3024	-2.49323	14.8407
	}
}
{Volume "part1"
	{Box 24.0558 0.477825 13.5656}
	{Bone "part1"}
	{Matrix34
		0.999935	0	0.0113857
		-0.0113857	0	0.999935
		0	-1	0
		-0.170681	6.2775	-0.30534
	}
}
{Volume "shieldl1"
	{Polyhedron "shieldl1.vol"}
	{Bone "shieldl1"}
	{Matrix34
		-1	0	0
		0	0.0211785	0.999776
		0	0.999776	-0.0211785
		0.0407181	0.0658989	-0.00865746
	}
}
{Volume "shieldl3"
	{Box 19.3989 26.1521 0.665514}
	{Bone "shieldl3"}
	{Matrix34
		1	0	0
		0	0.999776	-0.0211784
		0	0.0211783	0.999776
		0.0191881	0.0268574	0.0128087
	}
}
{Volume "shieldl4"
	{Polyhedron "shieldl4.vol"}
	{Bone "shieldl4"}
	{Matrix34
		-1	0	0
		0	0.0211786	0.999776
		0	0.999776	-0.0211786
		0.00197411	0.0116348	0.0141869
	}
}
{Volume "shieldr3"
	{Box 19.3989 26.1521 0.665514}
	{Bone "shieldr3"}
	{Matrix34
		1	0	0
		0	0.999776	-0.0211783
		0	0.0211784	0.999776
		0.019196	0.0262889	-0.0137683
	}
}
{Volume "shieldr5"
	{Polyhedron "shieldr5.vol"}
	{Bone "shieldr5"}
	{Matrix34
		-1	0	0
		0	0.0211785	0.999776
		0	0.999776	-0.0211785
		-0.0239792	0.0048275	-0.0211525
	}
}
{Volume "trackleft"
	{Polyhedron "trackleft.vol"}
	{Bone "wheelsl"}
	{Matrix34
		0	0	-1
		0	-1	0
		-1	0	0
		56.2414	6.15333	3.88901
	}
}
{Volume "trackright"
	{Polyhedron "trackright.vol"}
	{Bone "wheelsr"}
	{Matrix34
		0	0	-1
		0	-1	0
		-1	0	0
		56.2413	6.15334	-3.87678
	}
}
