;MDL File generated by SOEdit
;Model created by: <your name here>
;PLY Geometry by: <insert modeler name>
;VOL Geometry by: <insert modeler name>
{Skeleton
    {bone revolute "Basis"
        {Orientation
            1.0000 0.0000 0.0000
            0.0000 -1.0000 0.0000
            0.0000 0.0000 1.0000
        }
        {bone "Body"
            {parameters "CommonMesh;ID=body;"}
            {Matrix34
                0.9998 -0.0175 0.0000
                0.0175 0.9998 0.0000
                0.0000 0.0000 1.0000
                -59.3499 -2.5000 0.5216
            }
            {VolumeView "Body.ply"}
            {bone "WheelL"
                {parameters "ID=wheelleft;"}
                {Matrix34
                    -0.9986 -0.0517 -0.0085
                    0.0034 -0.2248 0.9744
                    -0.0523 0.9730 0.2247
                    59.4068 16.2781 10.2526
                }
                 {position  61.0028 11.0479 7.0833}
               
              {bone "1"
                {Matrix34
                   0.66 0 0
                   0 0.66  0
                   0 0 1.3
                   0 0 0
               }
                {VolumeView "WheelL_1.ply"}
              }
            }
            {bone "WheelR"
                {parameters "ID=wheelright;"}
                {Matrix34
                    -1.0000 0.0000 0.0000
                    0.0000 0.0000 1.0000
                    0.0000 -1.0000 0.0000
                    59.7229 -16.4892 9.0833
                }
                {VolumeView "Wheelr.ply"}
            }
            {bone "WheelRR"
                {parameters "ID=wheelright;"}
                {Matrix34
                    0.9983 -0.0455 0.0351
                    -0.0253 0.1994 0.9796
                    -0.0516 -0.9788 0.1980
                    58.2146 -16.1332 11.4035
                }
                {position  61.0028 -4.2979 7.0833}
               

                   {bone "2"
                {Matrix34
                   -0.66  0 0
                   0 0.66  0
                   0 0 -1.3
                   0 0 0
               }
               {VolumeView "Wheelr_1.ply"}
             }
            }
            {bone revolute "Turret"
                {parameters "CommonMesh;ID=turret;"}
                {Matrix34
                    0.9952 0.0976 0.0035
                    0.0059 -0.0243 -0.9997
                    -0.0975 0.9949 -0.0248
                    61.2725 0.1684 12.7977
                }
                {VolumeView "Turret.ply"}
            }
            {bone revolute "gun_rot"
                {parameters "ID=gun;"}
                {Matrix34
                    0.9960 0.0174 -0.0872
                    -0.0871 -0.0015 -0.9962
                    -0.0175 0.9998 0.0000
                    59.6972 0.0000 11.9060
                }
                {VolumeView "gun_rot.ply"}
                {bone "gun"
                    {parameters "ID=gun;"}
                    {Matrix34
                        1.0000 0.0000 0.0000
                        0.0000 0.0000 1.0000
                        0.0000 -1.0000 0.0000
                        20.1589 -6.5605 0.4618
                    }
                    {VolumeView "gun.ply"}
                }
            }
        }
    }
}
