;Exported by: Loskutov_K
;Date:        Tue Apr 20 17:38:48 2010
;File:        D:\_Vietnam\Art\Models\Houses\X\Stolovaya_x\stolovaya_x.max
{Skeleton
	{bone "roofhold7_st_x"
		{Orientation
			1	0	0
			0	-1	0
			0	0	1
		}
		{bone "piece03"
			{Matrix34
				0	1	0
				0.369154	0	-0.929368
				-0.929368	0	-0.369154
				13.8557	-42.5602	11.566
			}
			{VolumeView "piece03.ply"}
		}
		{bone "piece02"
			{Matrix34
				0	1	0
				0.369154	0	-0.929368
				-0.929368	0	-0.369154
				16.4964	-10.6186	12.6149
			}
			{VolumeView "piece02.ply"}
		}
		{bone "piece01"
			{Matrix34
				0	1	0
				0.369154	0	-0.929368
				-0.929368	0	-0.369154
				-1.02707	-25.9113	5.88991
			}
			{VolumeView "piece01.ply"}
		}
	}
}
{Volume "piece01"
	{Box 23.1951 21.4821 2.29152}
	{Bone "piece01"}
	{Matrix34
		1	0	0
		0	0	-1
		0	1	0
		0.882641	0.158966	-0.262144
	}
}
{Volume "piece02"
	{Box 19.0123 19.8908 2.29152}
	{Bone "piece02"}
	{Matrix34
		1	0	0
		0	0	-1
		0	1	0
		-0.992867	0.247132	2.37735
	}
}
{Volume "piece03"
	{Box 19.0123 19.8908 2.29152}
	{Bone "piece03"}
	{Matrix34
		1	0	0
		0	0	-1
		0	1	0
		0.923004	0.247139	-0.464043
	}
}
