;MDL File generated by SOEdit
;Model created by: <your name here>
;PLY Geometry by: <insert modeler name>
;VOL Geometry by: <insert modeler name>
{Skeleton
    {bone revolute "Basis"
        {Orientation
            1.0000 0.0000 0.0000
            0.0000 -1.0000 0.0000
            0.0000 0.0000 1.0000
        }
        {bone "Body"
            {parameters "ID=body;"}
            {Matrix34
                0.9998 -0.0163 -0.0075
                0.0139 0.9676 -0.2520
                0.0113 0.2519 0.9677
                -59.7237 -2.8010 -0.0905
            }
            {VolumeView "Body.ply"}
            {bone "WheelL"
                {parameters "ID=wheelleft;"}
                {Matrix34
                    -0.9992 -0.0339 -0.0199
                    0.0379 -0.9648 -0.2602
                    -0.0104 -0.2607 0.9653
                    59.5362 9.2845 9.2068
                }
                {position  61.0028 11.0479 7.0833}
               
              {bone "1"
                {Matrix34
                   0.66 0 0
                   0 0.66  0
                   0 0 1.3
                   0 0 0
               }
                {VolumeView "WheelL_1.ply"}
              }
            }
            {bone "WheelR"
                {parameters "ID=wheelright;"}
                {Matrix34
                    -1.0000 0.0000 0.0000
                    0.0000 0.0000 1.0000
                    0.0000 -1.0000 0.0000
                    59.7229 -16.4892 9.0833
                }
                {VolumeView "Wheelr.ply"}
            }
            {bone "WheelRR"
                {parameters "ID=wheelright;"}
                {Matrix34
                    0.9983 -0.0455 0.0351
                    -0.0399 -0.1111 0.9930
                    -0.0413 -0.9927 -0.1127
                    58.7281 -16.5193 7.6888
                }
                  {position  61.0028 -4.2979 7.0833}
               

                   {bone "2"
                {Matrix34
                   -0.66  0 0
                   0 0.66  0
                   0 0 -1.3
                   0 0 0
               }
               {VolumeView "Wheelr_1.ply"}
             }
            }
            {bone revolute "Turret"
                {parameters "ID=turret;"}
                {Matrix34
                    0.9940 0.1083 0.0137
                    0.0163 -0.0232 -0.9996
                    -0.1079 0.9938 -0.0248
                    61.0735 0.1489 12.7970
                }
                {VolumeView "Turret.ply"}
            }
            {bone revolute "gun_rot"
                {parameters "ID=gun;"}
                {Matrix34
                    0.9893 -0.1150 -0.0892
                    -0.0899 -0.0015 -0.9960
                    0.1143 0.9933 -0.0119
                    59.6972 0.0000 11.9060
                }
                {VolumeView "gun_rot.ply"}
                {bone "gun"
                    {parameters "ID=gun;"}
                    {Matrix34
                        1.0000 0.0000 0.0000
                        0.0000 0.0000 1.0000
                        0.0000 -1.0000 0.0000
                        14.3589 -6.3605 0.4618
                    }
                    {VolumeView "gun.ply"}
                }
            }
            {bone "Part1"
                {Matrix34
                    0.9835 -0.1657 -0.0724
                    0.1626 0.9856 -0.0470
                    0.0792 0.0345 0.9963
                    75.0433 -2.6917 17.6064
                }
                {VolumeView "Part1.ply"}
            }
            {bone "part2"
                {Matrix34
                    0.9828 -0.1595 -0.0927
                    -0.1059 -0.0768 -0.9914
                    0.1511 0.9842 -0.0924
                    60.0245 -0.2012 12.6649
                }
                {VolumeView "part2.ply"}
            }
            {bone "part3"
                {Matrix34
                    0.9944 0.1056 0.0026
                    0.0052 -0.0244 -0.9997
                    -0.1055 0.9941 -0.0248
                    60.9445 0.4167 12.7898
                }
                {VolumeView "part3.ply"}
            }
            {bone "part4"
                {Matrix34
                    0.9893 -0.1150 -0.0892
                    -0.0899 -0.0015 -0.9960
                    0.1143 0.9933 -0.0119
                    59.6972 0.0000 11.9060
                }
                {VolumeView "part4.ply"}
            }
            {bone "part5"
                {Matrix34
                    0.9893 -0.1150 -0.0892
                    -0.0899 -0.0015 -0.9960
                    0.1143 0.9933 -0.0119
                    59.6972 0.0000 11.9060
                }
                {VolumeView "part5.ply"}
            }
        }
    }
}
{Volume "part1"
    {Box 10.9681 6.6978 7.9500}
    {Bone "Part1"}
    {Matrix34
        -0.0019 -0.0033 0.3892
        0.8542 0.0201 0.0042
        -0.0025 0.5543 0.0456
        -33.4830 3.1310 -1.1862
    }
}
{Volume "part2"
    {Cylinder 2.33309 65.73090}
    {Bone "part2"}
    {Matrix34
        0.1616 -0.1542 -0.0042
        -0.0274 -0.0027 -0.2475
        0.1409 0.0994 -0.0053
        -2.2356 -3.8256 0.7066
    }
}
{Volume "part3"
    {Box 10.9681 6.6978 7.9500}
    {Bone "Part3"}
    {Matrix34
        0.0455 -0.0155 0.0000
        0.0000 0.0000 -1.2946
        0.4023 1.1817 0.0000
        -4.2138 -10.7392 5.2518
    }
}
{Volume "part4"
    {Box 10.9681 6.6978 7.9500}
    {Bone "Part4"}
    {Matrix34
        -0.0153 -0.0099 0.0983
        1.4137 0.0331 0.0447
        0.0090 1.0927 0.0158
        -2.4177 -3.3930 5.8159
    }
}
{Volume "part5"
    {Box 10.9681 6.6978 7.9500}
    {Bone "Part5"}
    {Matrix34
        -0.0153 -0.0099 0.0983
        1.4137 0.0331 0.0447
        0.0090 1.0927 0.0158
        -2.4659 -2.7416 1.2110
    }
}

{Volume "gun"
    {Cylinder 0.80525 76.43350}
    {Bone "gun_rot"}
    {Matrix34
        0.0000 0.0002 2.4084
        -0.0362 -2.2063 0.0001
        0.2739 0.0001 0.0000
        -5.0858 -5.1868 3.4211
    }
}
{Volume "turret"
    {Box 1.2998 41.6915 33.5279}
    {Bone "Turret"}
    {Matrix34
        0.9330 -0.3594 0.0000
        0.0000 0.0000 0.3758
        -0.1375 -0.3854 0.0000
        -1.9749 -4.5101 3.1286
    }
}
{Volume "wheelright"
    {Cylinder 10.78520 3.72717}
    {Bone "WheelRR"}
    {Matrix34
        0.7775 0.0000 0.0000
        0.0000 0.7727 -0.0054
        0.0000 0.0037 0.5295
        1.6002 -1.9939 -11.1733
    }
}
{Volume "wheelleft"
    {Cylinder 10.78210 4.39142}
    {Bone "WheelL"}
    {Matrix34
        0.7749 0.0000 -0.0070
        0.0000 0.7714 0.0000
        0.0148 0.0000 0.4404
        -1.4147 -2.0217 -4.5357
    }
}
{Volume "body2"
    {Cylinder 2.33309 65.73090}
    {Bone "Body"}
    {Matrix34
        0.0450 -0.4737 -0.0219
        0.1629 0.0414 -0.5586
        0.5877 0.0602 0.1760
        40.7690 -3.6045 5.2815
    }
}
{Volume "body1"
    {Cylinder 2.33309 65.73090}
    {Bone "Body"}
    {Matrix34
        0.0471 0.5961 0.0187
        -0.1641 -0.0044 0.5555
        0.5957 -0.0523 0.1755
        40.5687 10.7057 5.0729
    }
}
