;Exported by: Normand
;Date:        Sun Nov 03 17:54:58 2013
;File:        C:\Users\Normand\sdkfz234_4.max
{Skeleton
	{bone "basis"
		{parameters "SteerMax=30;WheelRadius=0.55;"}
		{Orientation
			1	0	0
			0	-1	0
			0	0	1
		}
		{bone "pivot_front"
			{Position 38.4184	-0.176426	11.3508}
			{bone "suspl1"
				{Position -38.2737	17.3134	-0.151291}
				{VolumeView "suspl1.ply"}
				{bone revolute "steerl"
					{Matrix34
						-1	0	0
						0	1	0
						0	0	1
						38.2107	1.40865	0.240428
					}
					{bone "fxtracel1"
						{Matrix34
							-1	0	0
							0	0	1
							0	-1	0
							-0.102283	0.836617	-11.6828
						}
					}
					{bone revolute "wheell1"
						{parameters "ID=wheelleft1;"}
						{Matrix34
							1	0	0
							0	0.0348993	0.999391
							0	0.999391	-0.0348993
							0.217922	-3.33093	0.077054
						}
						{VolumeView "wheell1.ply"}
					}
				}
			}
			{bone "suspr1"
				{Position -38.2737	-16.5621	-0.151291}
				{VolumeView "suspr1.ply"}
				{bone revolute "steerr"
					{Matrix34
						-1	0	0
						0	1	0
						0	0	1
						38.211	-1.68911	0.240428
					}
					{bone "fxtracer1"
						{Matrix34
							-1	0	0
							0	0	1
							0	-1	0
							-0.0355911	-0.850077	-11.6659
						}
					}
					{bone revolute "wheelr1"
						{parameters "ID=wheelright1;"}
						{Matrix34
							1	0	0
							0	-0.0348996	0.999391
							0	0.999391	0.0348996
							0.218258	3.24121	0.0776186
						}
						{VolumeView "wheelr1.ply"}
					}
				}
			}
			{bone "suspr2"
				{Position -38.2737	-16.562	-0.151291}
				{VolumeView "suspr2.ply"}
				{bone revolute "steerr01"
					{Matrix34
						-1	0	0
						0	1	0
						0	0	1
						12.0064	-1.6892	0.240428
					}
					{bone revolute "wheelr2"
						{parameters "ID=wheelright2;"}
						{Matrix34
							1	0	0
							0	-0.0348996	0.999391
							0	0.999391	0.0348996
							-0.00537586	3.24121	0.0776186
						}
						{VolumeView "wheelr2.ply"}
					}
				}
			}
			{bone "suspl2"
				{Position -38.2737	17.3134	-0.151291}
				{VolumeView "suspl2.ply"}
				{bone revolute "steerl01"
					{Matrix34
						-1	0	0
						0	1	0
						0	0	1
						12.006	1.40865	0.240428
					}
					{bone revolute "wheell2"
						{parameters "ID=wheelleft2;"}
						{Matrix34
							1	0	0
							0	0.0348986	0.999391
							0	0.999391	-0.0348986
							-0.00571346	-3.33093	0.0770531
						}
						{VolumeView "wheell2.ply"}
					}
				}
			}
		}
		{bone "pivot_back"
			{Position -28.6634	0.0619779	11.3508}
			{bone "suspl3"
				{Position 28.8081	17.075	-0.15129}
				{VolumeView "suspl3.ply"}
			}
			{bone "suspl4"
				{Position 28.8081	17.075	-0.15129}
				{VolumeView "suspl4.ply"}
			}
			{bone "suspr3"
				{Position 28.8081	-16.8004	-0.15129}
				{VolumeView "suspr3.ply"}
			}
			{bone "suspr4"
				{Position 28.8081	-16.8004	-0.15129}
				{VolumeView "suspr4.ply"}
			}
			{bone revolute "steerl02"
				{limits -5 5}
				{Position 13.1735	18.4836	0.089138}
				{bone revolute "wheell3"
					{parameters "ID=wheelleft3;"}
					{Matrix34
						-1	0	0
						0	0.0348993	0.999391
						0	0.999391	-0.0348993
						0.118885	-3.33093	0.0770512
					}
					{VolumeView "wheell3.ply"}
				}
			}
			{bone revolute "steerr02"
				{limits -5 5}
				{Position 13.1732	-18.4897	0.089138}
				{bone revolute "wheelr3"
					{parameters "ID=wheelright3;"}
					{Matrix34
						-1	0	0
						0	-0.0348993	0.999391
						0	0.999391	0.0348993
						0.119221	3.24121	0.0776167
					}
					{VolumeView "wheelr3.ply"}
				}
			}
			{bone revolute "steerl03"
				{limits -20 20}
				{Position -12.5337	18.4836	0.089138}
				{bone "fxtracel2"
					{Matrix34
						1	0	0
						0	0	1
						0	-1	0
						0.0709686	-0.38826	-12.0658
					}
				}
				{bone revolute "wheell4"
					{parameters "ID=wheelleft4;"}
					{Matrix34
						-1	0	0
						0	0.0348993	0.999391
						0	0.999391	-0.0348993
						-0.0869446	-3.33093	0.0770512
					}
					{VolumeView "wheell4.ply"}
				}
			}
			{bone revolute "steerr03"
				{limits -20 20}
				{Position -12.534	-18.4897	0.089138}
				{bone "fxtracer2"
					{Matrix34
						1	0	0
						0	0	1
						0	-1	0
						0.0186768	-0.785282	-11.7594
					}
				}
				{bone revolute "wheelr4"
					{parameters "ID=wheelright4;"}
					{Matrix34
						-1	0	0
						0	-0.0348993	0.999391
						0	0.999391	0.0348993
						-0.0866089	3.24121	0.0776167
					}
					{VolumeView "wheelr4.ply"}
				}
			}
		}
		{bone "emit2"
			{Matrix34
				0	-1	0
				1	0	0
				0	0	1
				-5.25518	32.6329	0
			}
		}
		{bone "emit3"
			{Matrix34
				0.00872656	0.999962	0
				-0.999962	0.00872656	0
				0	0	1
				-3.61508	-31.2652	0
			}
		}
		{bone "emit1"
			{Matrix34
				-0.707107	0.707107	0
				-0.707107	-0.707107	0
				0	0	1
				67.7734	-5.93114	0
			}
		}
		{bone "body"
			{parameters "ID=body;"}
			{animation
				{sequence "break" {file "body_b.anm"}}
			}
			{Position 0.144704	0.0332117	22.8364}
			{VolumeView "body.ply"}
			{bone "engine"
				{parameters "ID=engine;"}
				{animation
					{sequence "break" {file "engine_b.anm"}}
				}
				{VolumeView "engine.ply"}
				{bone "engine_cover"
					{Matrix34
						-0.0523359	0	0.99863
						0	1	0
						-0.99863	0	-0.0523359
						-38.0993	3.68547	10.1835
					}
					{VolumeView "engine_cover.ply"}
				}
				{bone "fxfire2"
					{Matrix34
						1	0	0
						0	0	1
						0	-1	0
						-34.9111	-0.0472189	6.31927
					}
				}
			}
			{bone "detail2"
				{VolumeView "detail2.ply"}
			}
			{bone "fxsmoke2"
				{Position -51.2504	17.8786	3.62125}
			}
			{bone "fxsmoke1"
				{Position -51.2504	-18.1699	3.5835}
			}
			{bone "visor2"
				{Matrix34
					1	0	0
					0	0	1
					0	-1	0
					48.6611	-7.83503	9.69247
				}
			}
			{bone "fxfire1"
				{Matrix34
					1	0	0
					0	0	1
					0	-1	0
					13.5931	-0.0472187	3.80773
				}
			}
			{bone "fxfire3"
				{Matrix34
					1	0	0
					0	0	1
					0	-1	0
					40.2783	-0.0472187	2.8659
				}
			}
			{bone "buffer"
				{parameters "ID=body;"}
				{Position 0.289989	-0.176507	-4.63395}
				{VolumeView "buffer.ply"}
			}
			{bone "body_lside"
				{parameters "ID=body;"}
				{Position 12.0531	18.5359	6.17775}
				{VolumeView "body_lside.ply"}
				{bone "canl1"
					{Matrix34
						0.00955282	0.999898	-0.0105922
						-0.704026	-0.000796961	-0.710174
						-0.71011	0.0142414	0.703947
						37.5567	0.0745087	-7.19541
					}
				}
				{bone "canl2"
					{Matrix34
						0.0399349	0.999109	-0.013658
						-0.255357	-0.00301014	-0.966842
						-0.966022	0.0420984	0.255009
						26.9656	0.80484	-0.0527725
					}
				}
				{bone "doorsl2"
					{parameters "ID=body;"}
					{Matrix34
						0	1	0
						0	0	1
						-1	0	0
						-40.7958	4.49975	-9.48972
					}
					{VolumeView "doorsl2.ply"}
				}
			}
			{bone "body_rside"
				{parameters "ID=body;"}
				{Position 12.0531	-18.7272	6.17775}
				{VolumeView "body_rside.ply"}
				{bone "canr2"
					{Matrix34
						0.0399349	0.999109	-0.013658
						-0.255357	-0.00301011	-0.966842
						-0.966022	0.0420984	0.255009
						26.9656	-0.75161	-0.0527725
					}
				}
				{bone "canr1"
					{Matrix34
						0.00955283	0.999898	-0.0105922
						-0.704026	-0.000796962	-0.710174
						-0.71011	0.0142414	0.703947
						37.5567	0.0533981	-7.19541
					}
				}
				{bone "doorsr2"
					{parameters "ID=body;"}
					{Matrix34
						0	1	0
						0	0	1
						-1	0	0
						-40.7958	-4.29969	-9.48972
					}
					{VolumeView "doorsr2.ply"}
				}
			}
			{bone "body2"
				{parameters "ID=body;"}
				{Position 13.8775	0.0199697	14.7784}
				{VolumeView "body2.ply"}
				{bone "antenna"
					{parameters "ID=turret;"}
					{Position -6.02701	-18.2799	6.7282}
					{VolumeView "antenna.ply"}
				}
			}
			{bone "commander"
				{Matrix34
					1	0	0
					0	1	0
					0	0	1
					10.7829	-8.84517	-3.79516
				}
			}
			{bone "detail3"
				{parameters "ID=wheelright4;"}
				{Matrix34
					0	1	0
					-0.469472	0	0.882948
					0.882948	0	0.469472
					-57.4196	-0.0189056	-2.12529
				}
				{VolumeView "detail3.ply"}
			}
			{bone "door_driver"
				{parameters "ID=body;"}
				{Matrix34
					1	0	0
					0	-0.00872653	0.999962
					0	-0.999962	-0.00872653
					49.312	-4.58158	6.30713
				}
				{VolumeView "door_driver.ply"}
			}
			{bone revolute "turret"
				{parameters "ID=turret;"}
				{animation
					{sequence "break" {file "turret_b.anm"} {speed 0.3}}
				}
				{limits -20 20}
				{speed 0.01}
				{Matrix34
					0.999962	0	0.00872654
					0	1	0
					-0.00872654	0	0.999962
					12.0253	0.653574	18.9916
				}
				{VolumeView "turret.ply"}
				{bone revolute "gun_rot"
					{parameters "ID=gun;"}
					{limits -5 22}
					{speed 0.01}
					{Matrix34
						0.999657	0	0.0261769
						-0.0261769	0	0.999657
						0	-1	0
						-0.712089	0.128525	2.23943
					}
					{VolumeView "gun_rot.ply"}
					{bone "gun"
						{parameters "CommonMesh;ID=gun;"}
						{animation
							{sequence "break" {file "gun_b.anm"} {speed 0.3}}
						}
						{Matrix34
							1	0	0
							0	0	-1
							0	1	0
							23.6443	0.246498	-0.355297
						}
						{VolumeView "gun.ply"}
					}
				}
			}
			{bone "bodyinside"
				{parameters "ID=body;"}
				{Matrix34
					1	0	0
					0	0	1
					0	-1	0
					23.6782	17.0976	2.47776
				}
				{VolumeView "bodyinside.ply"}
			}
			{bone "driver"
				{Matrix34
					0.921185	-0.00904182	0.389019
					-0.0038845	0.999467	0.0324286
					-0.389104	-0.0313839	0.920659
					42.6993	-2.10566	-12.31509
				}
			}
			{bone "stand"
				{parameters "ID=body;"}
				{Position 19.2686	6.40442	-5.5642}
				{VolumeView "stand.ply"}
			}
			{bone "gunner"
				{Matrix34
					1	0	0
					0	1	0
					0	0	1
					8.43	8.94323	-6.79516
				}
			}
		}
	}
}
