;Exported by: 因诚之名
;Date:        Wed Oct 26 17:04:55 2011
;File:        C:\Documents and Settings\因诚之名\My Documents\3dsmax\scenes\jap\japhelmet3\3.max
{Skeleton
	{bone "japan-helmet3"
		{parameters "CommonMesh;"}
		{Orientation
			1	0	0
			0	-1	0
			0	0	1
		}
		{VolumeView "japan-helmet3.ply"}
		{bone "handle"
			{Matrix34
				0.999923	0.00877735	0.0087427
				-0.00877768	0.999961	0
				-0.00874236	-7.67407e-005	0.999962
				0.311826	0.0167038	1.01937
			}
		}
	}
}
{Volume "body"
	{Box 4.14813 3.61352 3.32807}
	{Bone "japan-helmet3"}
	{Matrix34
		0.999923	0.00877735	0.00874271
		-0.00877768	0.999962	0
		-0.00874236	-7.67409e-005	0.999962
		0.00728348	0.000396799	3.82558
	}
}
{Volume "select"
	{Box 8.33811 5.92873 4.67327}
	{Bone "japan-helmet3"}
	{Matrix34
		0.999923	0.00877735	0.00874271
		-0.00877768	0.999962	0
		-0.00874236	-7.67409e-005	0.999962
		-0.142013	0.0484552	3.84999
	}
}
{Extender "preview"
	{"stuff"
		{camera
			{origin 27.1336	-28.8032	6.84747}
			{lookat -0.321145	0.0657425	2.82463}
			{fov 8.28224}
			{horizon 0.999951}
		}
		{lights
			{"0"
				{type point}
				{position 2.59048	0.271214	6.28609}
			}
			{"1"
				{type spot}
				{position 17.5189	-6.30873	6.02441}
				{direction -0.461071	0.180791	-0.0687651}
				{theta 43}
				{phi 45}
			}
		}
	}
}
