;Exported by: Ve2al
;Date:        Thu Apr 18 17:07:47 2013
;File:        C:\Users\Ve2al\Documents\3dsmax\scenes\Tanks\KV-1_1942\KV-1_1942.max
{Skeleton
	{bone revolute "basis"
		{parameters "WheelRadius=0.30;"}
		{limits 0 0}
		{Orientation
			1	0	0
			0	-1	0
			0	0	1
		}
		{bone "body"
			{parameters "ID=body;"}
			{animation
				{sequence "break" {file "body_b.anm"} {speed 0.9}}
			}
			{Position -2.09151	0	19.3927}
			{VolumeView "body_su.ply"}
			{bone "fxlight"
				{Matrix34
					1	0	0
					0	1	0
					0	0	1
					48.7841	-8.33453	8.76627
				}
			}
			
			
			{bone "fxsmoke1"
				{Matrix34
					-0.399193	0.231089	0.887267
					0.488209	0.872693	-0.00764212
					-0.776078	0.430121	-0.461192
					-35.1001	10.4942	13.3586
				}
			}
			{bone "fxsmoke2"
				{Matrix34
					-0.368584	-0.263448	0.891483
					-0.593041	0.805139	-0.00726059
					-0.715855	-0.531362	-0.452997
					-35.1357	-9.25874	13.4978
				}
			}
			{bone "fxshot"
				{Matrix34
					0	1	0
					-1	0	0
					0	0	1
					11.6874	0.474739	-13.6929
				}
			}
			{bone "seat02"
				{Matrix34
					0.104528	-0.979413	0.172697
					0.994522	0.10294	-0.0181509
					0	0.173648	0.984808
					-38.9623	-27.8343	7.16166
				}
			}
			{bone "seat01"
				{Matrix34
					-0.121869	-0.977467	0.172353
					0.992546	-0.120018	0.0211622
					0	0.173647	0.984808
					-25.4996	-27.8343	7.16644
				}
			}
			{bone revolute "seat04"
				{Matrix34
					-0.0871548	0.98106	0.172988
					-0.996195	-0.0858306	-0.0151349
					0	-0.173649	0.984808
					-37.0865	26.8364	7.16168
				}
			}
			{bone "seat03"
				{Matrix34
					0.0523361	0.983458	0.173411
					-0.99863	0.051541	0.00908806
					0	-0.173648	0.984808
					-23.9461	26.8364	7.16647
				}
			}
			{bone "fxfire1"
				{Matrix34
					0	0	1
					0	1	0
					-1	0	0
					-21.61	0.0671527	12.4785
				}
			}
			{bone revolute "wheelr1"
				{parameters "ID=trackRight;Radius=0.44;"}
				{Matrix34
					1	0	0
					0	0	-1
					0	-1	0
					57.3014	-26.1542	-3.58227
				}
				{VolumeView "wheelr1.ply"}
			}
			{bone revolute "wheelr8"
				{parameters "ID=trackRight;Radius=0.52;"}
				{Matrix34
					1	0	0
					0	0	-1
					0	-1	0
					-53.4654	-26.1542	-5.15713
				}
				{VolumeView "wheelr8.ply"}
			}
			{bone revolute "wheelr9"
				{parameters "ID=trackleft;"}
				{Matrix34
					1	0	0
					0	0	-1
					0	-1	0
					31.76	-26.2625	-0.321205
				}
				{VolumeView "wheelr9.ply"}
			}
			{bone revolute "wheelr10"
				{parameters "ID=trackleft;"}
				{Matrix34
					1	0	0
					0	0	-1
					0	-1	0
					-3.80731	-26.2625	-0.321209
				}
				{VolumeView "wheelr10.ply"}
			}
			{bone revolute "wheell11"
				{parameters "ID=trackleft;Radius=0.32;"}
				{Matrix34
					1	0	0
					0	0	-1
					0	1	0
					-37.1805	26.2625	-0.321217
				}
				{VolumeView "wheell11.ply"}
			}
			{bone revolute "wheell1"
				{parameters "ID=trackleft;Radius=0.42;"}
				{Matrix34
					1	0	0
					0	0	-1
					0	1	0
					57.3014	26.1583	-3.58227
				}
				{VolumeView "wheell1.ply"}
			}
			{bone revolute "wheell8"
				{parameters "ID=trackleft;Radius=0.52;"}
				{Matrix34
					0.999996	0	-0.00272688
					-0.00272688	0	-0.999996
					0	1	0
					-53.4654	26.1583	-5.15712
				}
				{VolumeView "wheell8.ply"}
			}
			{bone revolute "wheell9"
				{parameters "ID=trackleft;Radius=0.32;"}
				{Matrix34
					1	0	0
					0	0	-1
					0	1	0
					31.7735	26.2625	-0.321205
				}
				{VolumeView "wheell9.ply"}
			}
			{bone revolute "wheell10"
				{parameters "ID=trackleft;Radius=0.32;"}
				{Matrix34
					1	0	0
					0	0	-1
					0	1	0
					-3.79378	26.2625	-0.321209
				}
				{VolumeView "wheell10.ply"}
			}
			{bone revolute "wheelr11"
				{parameters "ID=trackleft;"}
				{Matrix34
					1	0	0
					0	0	-1
					0	-1	0
					-37.1941	-26.2625	-0.321217
				}
				{VolumeView "wheelr11.ply"}
			}
			{bone "engine"
				{parameters "ID=engine;"}
				{animation
					{sequence "break" {file "engine_s_b.anm"}}
				}
				{Position -49.1302	0	8.30232}
				{VolumeView "engine_s.ply"}
				{bone "engine_cover1"
					{Matrix34
						1	0	0
						0	0.00376124	0.999993
						0	-0.999993	0.00376124
						-2.75526	8.78965	1.44376
					}
					{VolumeView "engine_cover1.ply"}
				}
				{bone "engine_cover2"
					{Matrix34
						1	0	0
						0	0.00376124	0.999993
						0	-0.999993	0.00376124
						-2.75526	-8.53287	1.44376
					}
					{VolumeView "engine_cover2.ply"}
				}
			}
			{bone "fuel2"
				{Position -38.92	-27.3071	11.8925}
				{VolumeView "fuel4.ply"}
			}
			{bone "fuel1"
				{Position -38.6291	26.8755	11.9963}
				{VolumeView "fuel3.ply"}
			}
			{bone "fuel3"
				{Position -17.8741	-27.3071	11.8925}
				{VolumeView "fuel4.ply"}
			}
			{bone "fuel4"
				{Position -17.5832	26.8755	11.9963}
				{VolumeView "fuel3.ply"}
			}
			{bone revolute "seat05"
				{Matrix34
					-0.0871548	0.98106	0.172988
					-0.996195	-0.0858306	-0.0151349
					0	-0.173649	0.984808
					-50.7029	26.8364	7.16168
				}
			}
			{bone "seat06"
				{Matrix34
					0.104528	-0.979413	0.172697
					0.994522	0.10294	-0.0181509
					0	0.173648	0.984808
					-52.5787	-27.8343	7.16166
				}
			}
			{bone revolute "turret"
				{limits -6 6}
				{Matrix34
					1	0	0
					0	1	1.5503e-005
					0	-1.5503e-005	1
					49.4956	-3.992	13.7405
				}
				{bone revolute "gun_rot"
					{parameters "ID=gun;"}
					{limits -5 18}
					{Matrix34
						1	0	0
						0	0.00296075	0.999996
						0	-0.999996	0.00296075
						0.139183	0.0806127	1.30608
					}
					{VolumeView "gun_rot_su.ply"}
					{bone "gun"
						{parameters "ID=gun;"}
						{Matrix34
							-1.96531e-005	0.00294495	-0.999996
							-0.00982647	0.999947	0.002945
							0.999952	0.00982649	0
							-17.6614	-0.807053	-0.423932
						}
						{VolumeView "gun_su.ply"}
						{bone "visor1"
							{Matrix34
								-0.00993196	1.82232e-005	0.999951
								0.000495228	1	-1.33077e-005
								-0.999951	0.000494944	-0.00993195
								-0.414184	3.43228	43.8312
							}
						}
						{bone "foresight1"
							{Matrix34
								-0.00993189	1.82297e-005	0.999951
								0.000495364	1	-1.33077e-005
								-0.999951	0.000495018	-0.00993195
								-0.819699	-0.405502	81.1808
							}
						}
					}
				}
			}
			{bone "hull"
				{parameters "ID=body;"}
				{Position 14.1165	-0.610148	-1.3183}
				{VolumeView "hull.ply"}
				{bone "door_commander"
					{parameters "ID=body;"}
					{Matrix34
						7.51059e-005	0.00965329	0.999953
						-0.541544	-0.840633	0.00815592
						0.840672	-0.54152	0.00516455
						9.54577	1.5864	25.377
					}
					{VolumeView "door_commander.ply"}
				}
				{bone "door_gunner"
					{parameters "ID=body;"}
					{Matrix34
						-0.128179	-0.991751	0
						-0.00270186	0.000349173	0.999996
						-0.991747	0.128179	-0.00272433
						12.067	-5.0459	25.377
					}
					{VolumeView "door_gunner.ply"}
				}
				{bone "hutch1"
					{parameters "ID=body;"}
					{Matrix34
						1	0	0
						0	-0.00328497	0.999995
						0	-0.999995	-0.00328497
						-10.2097	6.81989	25.3796
					}
					{VolumeView "hutch1_su.ply"}
				}
				{bone "hutch2"
					{parameters "ID=body;"}
					{Matrix34
						0.999996	0.0017766	0.00200844
						-0.00198765	-0.0116235	0.99993
						0.00179982	-0.999931	-0.0116199
						-22.9935	7.55889	18.0266
					}
					{VolumeView "hutch2_su.ply"}
				}
				{bone "enumerator"
					{parameters "ID=enumerator;"}
					{Matrix34
						0.90395	0.425308	-0.0445812
						-0.248118	0.606527	0.755356
						0.348299	-0.671743	0.653796
						13.61	-23.5274	18.7299
					}
					{VolumeView "enumerator_su.ply"}
				}
			}
		}
		{bone "wheelsl"
			{parameters "ID=trackleft;"}
			{animation
				{sequence "break" {file "trackL_b.anm"}}
			}
			{Matrix34
				1	0	0
				0	0	-1
				0	1	0
				-1.94875	0	15.5817
			}
			{VolumeView "wheelsl.ply"}
			{bone revolute "wheell2"
				{parameters "ID=trackleft;Radius=0.42;"}
				{Matrix34
					1	0	0
					0	1	0
					0	0	1
					43.7937	8.96878	26.1583
				}
				{VolumeView "wheell2.ply"}
			}
			{bone revolute "wheell3"
				{parameters "ID=trackleft;Radius=0.42;"}
				{Matrix34
					1	0	0
					0	1	0
					0	0	1
					26.3048	8.96878	26.1583
				}
				{VolumeView "wheell3.ply"}
			}
			{bone revolute "wheell4"
				{parameters "ID=trackleft;Radius=0.42;"}
				{Matrix34
					1	0	0
					0	1	0
					0	0	1
					8.3262	8.96878	26.1583
				}
				{VolumeView "wheell4.ply"}
			}
			{bone revolute "wheell5"
				{parameters "ID=trackleft;Radius=0.42;"}
				{Matrix34
					1	0	0
					0	1	0
					0	0	1
					-8.90456	8.96878	26.1583
				}
				{VolumeView "wheell5.ply"}
			}
			{bone revolute "wheell6"
				{parameters "ID=trackleft;Radius=0.42;"}
				{Matrix34
					1	0	0
					0	1	0
					0	0	1
					-25.1443	8.96878	26.1584
				}
				{VolumeView "wheell6.ply"}
			}
			{bone revolute "wheell7"
				{parameters "ID=trackleft;Radius=0.42;"}
				{Matrix34
					1	0	0
					0	1	0
					0	0	1
					-39.8115	8.96878	26.1584
				}
				{VolumeView "wheell7.ply"}
			}
			{bone "trackl"
				{parameters "CommonMesh;ID=trackleft;"}
				{Matrix34
					-1	0	0
					0	-1	0
					0	0	1
					-3.83659	-0.766489	26.1918
				}
				{VolumeView "trackl.ply"}
			}
		}
		{bone "wheelsr"
			{parameters "ID=trackright;"}
			{animation
				{sequence "break" {file "trackR_b.anm"}}
			}
			{Matrix34
				1	0	0
				0	0	-1
				0	-1	0
				-1.94875	0	15.5817
			}
			{VolumeView "wheelsr.ply"}
			{bone revolute "wheelr2"
				{parameters "ID=trackRight;Radius=0.42;"}
				{Matrix34
					1	0	0
					0	1	0
					0	0	1
					46.5121	8.96879	26.1541
				}
				{VolumeView "wheelr2.ply"}
			}
			{bone revolute "wheelr3"
				{parameters "ID=trackRight;Radius=0.42;"}
				{Matrix34
					1	0	0
					0	1	0
					0	0	1
					29.0232	8.96879	26.1542
				}
				{VolumeView "wheelr3.ply"}
			}
			{bone revolute "wheelr4"
				{parameters "ID=trackRight;Radius=0.42;"}
				{Matrix34
					1	0	0
					0	1	0
					0	0	1
					11.0447	8.96879	26.1542
				}
				{VolumeView "wheelr4.ply"}
			}
			{bone revolute "wheelr5"
				{parameters "ID=trackRight;Radius=0.42;"}
				{Matrix34
					1	0	0
					0	1	0
					0	0	1
					-6.1861	8.96879	26.1542
				}
				{VolumeView "wheelr5.ply"}
			}
			{bone revolute "wheelr6"
				{parameters "ID=trackRight;Radius=0.42;"}
				{Matrix34
					1	0	0
					0	1	0
					0	0	1
					-22.4258	8.96879	26.1543
				}
				{VolumeView "wheelr6.ply"}
			}
			{bone revolute "wheelr7"
				{parameters "ID=trackRight;Radius=0.42;"}
				{Matrix34
					1	0	0
					0	1	0
					0	0	1
					-37.093	8.96879	26.1543
				}
				{VolumeView "wheelr7.ply"}
			}
			{bone "trackr"
				{parameters "CommonMesh;ID=trackright;"}
				{Matrix34
					-1	0	0
					0	-1	0
					0	0	1
					-3.83656	-0.766483	26.1725
				}
				{VolumeView "trackr.ply"}
			}
		}
		{bone "emit1"
			{Matrix34
				0	-1	0
				1	0	0
				0	0	1
				3.42239	50.7312	0
			}
		}
		{bone "emit2"
			{Matrix34
				0	1	0
				-1	0	0
				0	0	1
				3.42239	-50.4607	0
			}
		}
		{bone "emit3"
			{Matrix34
				0	1	0
				-1	0	0
				0	0	1
				-31.3047	-49.4068	0
			}
		}
		{bone "emit4"
			{Matrix34
				0	1	0
				-1	0	0
				0	0	1
				-45.4633	-49.4068	0
			}
		}
		{bone "emit5"
			{Matrix34
				0	-1	0
				1	0	0
				0	0	1
				-31.0382	50.9279	0
			}
		}
		{bone "emit6"
			{Matrix34
				0	-1	0
				1	0	0
				0	0	1
				-45.7983	50.9279	0
			}
		}
		{bone "emit7"
			{Matrix34
				0	1	0
				-1	0	0
				0	0	1
				-57.7899	-49.4068	0
			}
		}
		{bone "emit8"
			{Matrix34
				0	-1	0
				1	0	0
				0	0	1
				-61.2449	50.9279	0
			}
		}
	}
}
